20170817  00:00:00,1.17777,1.17775,1.17796,1.17793,1.17776,1.17774,1.17795,1.17792,-1
20170817  00:01:00,1.17795,1.17792,1.17822,1.17819,1.17792,1.1779,1.178,1.17797,-1
20170817  00:02:00,1.178,1.17797,1.17808,1.17806,1.178,1.17797,1.17803,1.178,-1
20170817  00:03:00,1.17803,1.178,1.17811,1.17809,1.17801,1.17799,1.17802,1.178,-1
20170817  00:04:00,1.17802,1.178,1.17802,1.17801,1.17788,1.17786,1.17789,1.17786,-1
20170817  00:05:00,1.17789,1.17786,1.17789,1.17786,1.17788,1.17786,1.17789,1.17786,-1
20170817  00:06:00,1.17789,1.17786,1.17793,1.1779,1.17788,1.17786,1.17792,1.1779,-1
20170817  00:07:00,1.17792,1.1779,1.17793,1.1779,1.17789,1.17788,1.1779,1.17788,-1
20170817  00:08:00,1.1779,1.17788,1.17793,1.17791,1.17787,1.17785,1.17787,1.17785,-1
20170817  00:09:00,1.17787,1.17785,1.1779,1.17787,1.17783,1.17781,1.17789,1.17786,-1
20170817  00:10:00,1.17789,1.17786,1.17789,1.17786,1.17783,1.17781,1.17788,1.17785,-1
20170817  00:11:00,1.17788,1.17785,1.17793,1.1779,1.17788,1.17784,1.17793,1.17788,-1
20170817  00:12:00,1.17793,1.17788,1.17793,1.17788,1.1779,1.17788,1.1779,1.17788,-1
20170817  00:13:00,1.1779,1.17788,1.17795,1.17792,1.1779,1.17785,1.17792,1.17788,-1
20170817  00:14:00,1.17792,1.17788,1.17796,1.17792,1.17792,1.17788,1.17793,1.17788,-1
20170817  00:15:00,1.17793,1.17788,1.17799,1.17796,1.17792,1.17788,1.17799,1.17796,-1
20170817  00:16:00,1.17799,1.17796,1.17799,1.17796,1.17793,1.17791,1.17795,1.17794,-1
20170817  00:17:00,1.17795,1.17794,1.17798,1.17796,1.17788,1.17785,1.17788,1.17785,-1
20170817  00:18:00,1.17788,1.17785,1.17788,1.17785,1.17784,1.17781,1.17786,1.17783,-1
20170817  00:19:00,1.17786,1.17783,1.17789,1.17787,1.17781,1.17779,1.17783,1.17781,-1
20170817  00:20:00,1.17783,1.17781,1.17785,1.17783,1.17782,1.1778,1.17783,1.1778,-1
20170817  00:21:00,1.17783,1.1778,1.17784,1.17783,1.17782,1.1778,1.17782,1.1778,-1
20170817  00:22:00,1.17782,1.1778,1.17786,1.17784,1.17782,1.1778,1.17783,1.1778,-1
20170817  00:23:00,1.17783,1.1778,1.17785,1.17783,1.17778,1.17776,1.17783,1.1778,-1
20170817  00:24:00,1.17783,1.1778,1.17787,1.17785,1.17782,1.1778,1.17787,1.17784,-1
20170817  00:25:00,1.17787,1.17784,1.17793,1.1779,1.17782,1.17779,1.17788,1.17786,-1
20170817  00:26:00,1.17788,1.17786,1.17799,1.17795,1.17783,1.17781,1.1779,1.17786,-1
20170817  00:27:00,1.1779,1.17786,1.17795,1.17791,1.17788,1.17786,1.17794,1.17791,-1
20170817  00:28:00,1.17794,1.17791,1.17802,1.17799,1.17794,1.17791,1.17801,1.17799,-1
20170817  00:29:00,1.17801,1.17799,1.17808,1.17806,1.17801,1.17799,1.17803,1.17801,-1
20170817  00:30:00,1.17803,1.17801,1.17808,1.17806,1.17793,1.1779,1.17793,1.17792,-1
20170817  00:31:00,1.17793,1.17792,1.17798,1.17795,1.17791,1.17788,1.17792,1.17791,-1
20170817  00:32:00,1.17792,1.17791,1.17795,1.17791,1.1779,1.17787,1.17794,1.17791,-1
20170817  00:33:00,1.17794,1.17791,1.17802,1.178,1.17793,1.17791,1.178,1.17799,-1
20170817  00:34:00,1.178,1.17799,1.17807,1.17803,1.178,1.17795,1.17804,1.17801,-1
20170817  00:35:00,1.17804,1.17801,1.17819,1.17817,1.17804,1.17801,1.17819,1.17817,-1
20170817  00:36:00,1.17819,1.17817,1.17819,1.17818,1.17812,1.1781,1.17814,1.17811,-1
20170817  00:37:00,1.17814,1.17811,1.17814,1.17811,1.17814,1.17811,1.17814,1.17811,-1
20170817  00:38:00,1.17814,1.17811,1.17814,1.17811,1.17809,1.17806,1.17811,1.17808,-1
20170817  00:39:00,1.17811,1.17808,1.17812,1.17811,1.17808,1.17806,1.17812,1.17811,-1
20170817  00:40:00,1.17812,1.17811,1.17818,1.17815,1.17812,1.17811,1.17818,1.17815,-1
20170817  00:41:00,1.17818,1.17815,1.1782,1.17817,1.17813,1.17811,1.1782,1.17817,-1
20170817  00:42:00,1.1782,1.17817,1.1782,1.17818,1.17816,1.17814,1.17817,1.17816,-1
20170817  00:43:00,1.17817,1.17816,1.17818,1.17816,1.17812,1.1781,1.17812,1.17811,-1
20170817  00:44:00,1.17812,1.17811,1.17814,1.17812,1.17812,1.1781,1.17814,1.17811,-1
20170817  00:45:00,1.17814,1.17811,1.17814,1.17811,1.17811,1.17809,1.17813,1.1781,-1
20170817  00:46:00,1.17813,1.1781,1.17813,1.17812,1.17813,1.1781,1.17813,1.17811,-1
20170817  00:47:00,1.17813,1.17811,1.17822,1.1782,1.17812,1.17811,1.17818,1.17816,-1
20170817  00:48:00,1.17818,1.17816,1.17821,1.17818,1.17813,1.1781,1.17813,1.1781,-1
20170817  00:49:00,1.17813,1.1781,1.17819,1.17815,1.17807,1.17805,1.17812,1.17811,-1
20170817  00:50:00,1.17812,1.17811,1.17814,1.17812,1.17802,1.178,1.17803,1.17801,-1
20170817  00:51:00,1.17803,1.17801,1.17807,1.17804,1.17798,1.17794,1.17803,1.17801,-1
20170817  00:52:00,1.17803,1.17801,1.17812,1.17809,1.178,1.17799,1.17809,1.17806,-1
20170817  00:53:00,1.17809,1.17806,1.17812,1.17809,1.17807,1.17806,1.17808,1.17806,-1
20170817  00:54:00,1.17808,1.17806,1.17808,1.17806,1.17808,1.17805,1.17808,1.17806,-1
20170817  00:55:00,1.17808,1.17806,1.17808,1.17806,1.17803,1.17801,1.17803,1.17801,-1
20170817  00:56:00,1.17803,1.17801,1.17803,1.17801,1.17781,1.17778,1.17786,1.17784,-1
20170817  00:57:00,1.17786,1.17784,1.17794,1.17791,1.17781,1.1778,1.17791,1.17788,-1
20170817  00:58:00,1.17791,1.17788,1.17795,1.17793,1.17787,1.17786,1.17791,1.17788,-1
20170817  00:59:00,1.17791,1.17788,1.17794,1.17792,1.17791,1.17788,1.17794,1.17792,-1
20170817  01:00:00,1.17794,1.17792,1.17794,1.17792,1.17791,1.17788,1.17792,1.17791,-1
20170817  01:01:00,1.17792,1.17791,1.17803,1.178,1.17792,1.1779,1.17803,1.178,-1
20170817  01:02:00,1.17803,1.178,1.17803,1.178,1.17798,1.17796,1.17798,1.17796,-1
20170817  01:03:00,1.17798,1.17796,1.17814,1.17811,1.17798,1.17796,1.17809,1.17805,-1
20170817  01:04:00,1.17809,1.17805,1.17811,1.17809,1.17802,1.178,1.1781,1.17808,-1
20170817  01:05:00,1.1781,1.17808,1.17842,1.1784,1.1781,1.17808,1.17842,1.17839,-1
20170817  01:06:00,1.17842,1.17839,1.17848,1.17844,1.17837,1.17834,1.17837,1.17834,-1
20170817  01:07:00,1.17837,1.17834,1.17851,1.17849,1.17837,1.17834,1.17842,1.17839,-1
20170817  01:08:00,1.17842,1.17839,1.17851,1.17848,1.17838,1.17835,1.17847,1.17844,-1
20170817  01:09:00,1.17847,1.17844,1.17862,1.17859,1.17839,1.17836,1.17857,1.17855,-1
20170817  01:10:00,1.17857,1.17855,1.17875,1.17874,1.17851,1.17849,1.17867,1.17865,-1
20170817  01:11:00,1.17867,1.17865,1.17899,1.17897,1.17867,1.17865,1.17887,1.17885,-1
20170817  01:12:00,1.17887,1.17885,1.1789,1.17888,1.17877,1.17875,1.17888,1.17884,-1
20170817  01:13:00,1.17888,1.17884,1.17893,1.17891,1.17878,1.17875,1.17887,1.17885,-1
20170817  01:14:00,1.17887,1.17885,1.17887,1.17885,1.17871,1.17867,1.17872,1.17867,-1
20170817  01:15:00,1.17872,1.17867,1.17874,1.17871,1.17865,1.17862,1.17866,1.17862,-1
20170817  01:16:00,1.17866,1.17862,1.17872,1.17869,1.17864,1.17861,1.17869,1.17867,-1
20170817  01:17:00,1.17869,1.17867,1.17877,1.17874,1.17855,1.17852,1.17857,1.17853,-1
20170817  01:18:00,1.17857,1.17853,1.17865,1.17863,1.17851,1.17846,1.17862,1.17859,-1
20170817  01:19:00,1.17862,1.17859,1.17878,1.17876,1.17862,1.17859,1.17878,1.17875,-1
20170817  01:20:00,1.17878,1.17875,1.17882,1.17879,1.17871,1.17869,1.17882,1.17878,-1
20170817  01:21:00,1.17882,1.17878,1.17895,1.17892,1.17881,1.17878,1.17895,1.17891,-1
20170817  01:22:00,1.17895,1.17891,1.17895,1.17892,1.17872,1.17867,1.17877,1.17874,-1
20170817  01:23:00,1.17877,1.17874,1.17877,1.17874,1.17853,1.1785,1.17853,1.17851,-1
20170817  01:24:00,1.17853,1.17851,1.17862,1.17861,1.17852,1.1785,1.17852,1.1785,-1
20170817  01:25:00,1.17852,1.1785,1.17857,1.17854,1.17852,1.1785,1.17857,1.17854,-1
20170817  01:26:00,1.17857,1.17854,1.17857,1.17855,1.17796,1.17793,1.17816,1.17813,-1
20170817  01:27:00,1.17816,1.17813,1.17821,1.17818,1.178,1.17797,1.178,1.17797,-1
20170817  01:28:00,1.178,1.17797,1.17801,1.178,1.17783,1.17781,1.17787,1.17786,-1
20170817  01:29:00,1.17787,1.17786,1.17789,1.17788,1.17773,1.17772,1.17785,1.17783,-1
20170817  01:30:00,1.17785,1.17783,1.17796,1.17795,1.17775,1.17772,1.17795,1.17793,-1
20170817  01:31:00,1.17795,1.17793,1.17796,1.17793,1.17759,1.17757,1.17761,1.17758,-1
20170817  01:32:00,1.17761,1.17758,1.17801,1.17799,1.17761,1.17758,1.17801,1.17799,-1
20170817  01:33:00,1.17801,1.17799,1.17808,1.17806,1.17799,1.17797,1.17807,1.17805,-1
20170817  01:34:00,1.17807,1.17805,1.17829,1.17827,1.17805,1.178,1.17821,1.17818,-1
20170817  01:35:00,1.17821,1.17818,1.17838,1.17835,1.17821,1.17818,1.17833,1.17829,-1
20170817  01:36:00,1.17833,1.17829,1.17833,1.1783,1.17813,1.1781,1.17813,1.17811,-1
20170817  01:37:00,1.17813,1.17811,1.17838,1.17835,1.17807,1.17803,1.17831,1.17827,-1
20170817  01:38:00,1.17831,1.17827,1.17834,1.17832,1.17822,1.17819,1.17833,1.17829,-1
20170817  01:39:00,1.17833,1.17829,1.17833,1.17829,1.17805,1.17803,1.17808,1.17805,-1
20170817  01:40:00,1.17808,1.17805,1.17811,1.17809,1.17795,1.1779,1.17811,1.17808,-1
20170817  01:41:00,1.17811,1.17808,1.17818,1.17817,1.17804,1.17801,1.17805,1.17804,-1
20170817  01:42:00,1.17805,1.17804,1.17817,1.17814,1.17805,1.17803,1.17816,1.17814,-1
20170817  01:43:00,1.17816,1.17814,1.1782,1.17817,1.17802,1.17799,1.17803,1.178,-1
20170817  01:44:00,1.17803,1.178,1.17809,1.17806,1.17794,1.17792,1.17808,1.17806,-1
20170817  01:45:00,1.17808,1.17806,1.17808,1.17806,1.17786,1.17783,1.17792,1.17788,-1
20170817  01:46:00,1.17792,1.17788,1.17798,1.17793,1.17781,1.17778,1.17798,1.17793,-1
20170817  01:47:00,1.17798,1.17793,1.17798,1.17794,1.17774,1.17771,1.17787,1.17783,-1
20170817  01:48:00,1.17787,1.17783,1.17787,1.17783,1.17763,1.1776,1.17782,1.17779,-1
20170817  01:49:00,1.17782,1.17779,1.17785,1.17783,1.17777,1.17775,1.17785,1.17782,-1
20170817  01:50:00,1.17785,1.17782,1.1779,1.17788,1.17781,1.17779,1.17789,1.17786,-1
20170817  01:51:00,1.17789,1.17786,1.17798,1.17794,1.17789,1.17785,1.17796,1.17793,-1
20170817  01:52:00,1.17796,1.17793,1.17798,1.17793,1.1779,1.17787,1.1779,1.17787,-1
20170817  01:53:00,1.1779,1.17787,1.178,1.17797,1.1779,1.17787,1.17798,1.17794,-1
20170817  01:54:00,1.17798,1.17794,1.17799,1.17796,1.17788,1.17786,1.17798,1.17793,-1
20170817  01:55:00,1.17798,1.17793,1.17801,1.178,1.17791,1.17788,1.17791,1.17788,-1
20170817  01:56:00,1.17791,1.17788,1.17791,1.17788,1.17773,1.1777,1.17775,1.17773,-1
20170817  01:57:00,1.17775,1.17773,1.17775,1.17774,1.17769,1.17767,1.17772,1.1777,-1
20170817  01:58:00,1.17772,1.1777,1.17774,1.17772,1.17772,1.1777,1.17772,1.1777,-1
20170817  01:59:00,1.17772,1.1777,1.17792,1.17788,1.17772,1.1777,1.17792,1.17788,-1
20170817  02:00:00,1.17792,1.17788,1.178,1.17797,1.17781,1.17779,1.17781,1.17779,-1
20170817  02:01:00,1.17781,1.17779,1.17804,1.17801,1.17781,1.17779,1.178,1.17797,-1
20170817  02:02:00,1.178,1.17797,1.178,1.17799,1.17794,1.17791,1.17798,1.17794,-1
20170817  02:03:00,1.17798,1.17794,1.17798,1.17794,1.17772,1.17768,1.17781,1.1778,-1
20170817  02:04:00,1.17781,1.1778,1.17787,1.17785,1.17776,1.17773,1.17776,1.17773,-1
20170817  02:05:00,1.17776,1.17773,1.17776,1.17773,1.17763,1.17759,1.17767,1.17764,-1
20170817  02:06:00,1.17767,1.17764,1.17767,1.17764,1.17737,1.17735,1.17751,1.17748,-1
20170817  02:07:00,1.17751,1.17748,1.17756,1.17753,1.1774,1.17737,1.17743,1.1774,-1
20170817  02:08:00,1.17743,1.1774,1.17763,1.1776,1.17734,1.1773,1.17763,1.17759,-1
20170817  02:09:00,1.17763,1.17759,1.17773,1.1777,1.17756,1.17753,1.17759,1.17755,-1
20170817  02:10:00,1.17759,1.17755,1.1776,1.17757,1.17731,1.17729,1.17742,1.17739,-1
20170817  02:11:00,1.17742,1.17739,1.17747,1.17744,1.17728,1.17724,1.17737,1.17734,-1
20170817  02:12:00,1.17737,1.17734,1.17749,1.17748,1.17728,1.17726,1.17749,1.17748,-1
20170817  02:13:00,1.17749,1.17748,1.17757,1.17753,1.17748,1.17744,1.17752,1.1775,-1
20170817  02:14:00,1.17752,1.1775,1.17767,1.17765,1.17748,1.17744,1.17757,1.17753,-1
20170817  02:15:00,1.17757,1.17753,1.17772,1.1777,1.17747,1.17743,1.17772,1.1777,-1
20170817  02:16:00,1.17772,1.1777,1.17787,1.17785,1.17772,1.1777,1.17777,1.17775,-1
20170817  02:17:00,1.17777,1.17775,1.17785,1.17784,1.17772,1.17769,1.17783,1.1778,-1
20170817  02:18:00,1.17783,1.1778,1.17793,1.1779,1.17776,1.17773,1.17788,1.17786,-1
20170817  02:19:00,1.17788,1.17786,1.17798,1.17795,1.17786,1.17783,1.17786,1.17783,-1
20170817  02:20:00,1.17786,1.17783,1.17786,1.17783,1.1777,1.17767,1.1777,1.17768,-1
20170817  02:21:00,1.1777,1.17768,1.17772,1.17769,1.1776,1.17757,1.1776,1.17758,-1
20170817  02:22:00,1.1776,1.17758,1.17761,1.17759,1.17746,1.17744,1.17751,1.17749,-1
20170817  02:23:00,1.17751,1.17749,1.17754,1.17753,1.17737,1.17735,1.17744,1.17743,-1
20170817  02:24:00,1.17744,1.17743,1.17744,1.17743,1.17732,1.17731,1.17741,1.1774,-1
20170817  02:25:00,1.17741,1.1774,1.1775,1.17749,1.17728,1.17727,1.17734,1.17733,-1
20170817  02:26:00,1.17734,1.17733,1.17746,1.17744,1.1773,1.17729,1.17734,1.17732,-1
20170817  02:27:00,1.17734,1.17732,1.17741,1.1774,1.17709,1.17708,1.17715,1.17714,-1
20170817  02:28:00,1.17715,1.17714,1.17738,1.17735,1.17715,1.17714,1.17725,1.17722,-1
20170817  02:29:00,1.17725,1.17722,1.17731,1.17729,1.17715,1.17713,1.17726,1.17723,-1
20170817  02:30:00,1.17726,1.17723,1.17746,1.17744,1.17723,1.17722,1.17737,1.17733,-1
20170817  02:31:00,1.17737,1.17733,1.17739,1.17738,1.17725,1.17722,1.17728,1.17725,-1
20170817  02:32:00,1.17728,1.17725,1.17729,1.17727,1.17706,1.17705,1.17719,1.17717,-1
20170817  02:33:00,1.17719,1.17717,1.17755,1.17753,1.17719,1.17717,1.17747,1.17744,-1
20170817  02:34:00,1.17747,1.17744,1.17751,1.17748,1.17739,1.17737,1.1775,1.17747,-1
20170817  02:35:00,1.1775,1.17747,1.17756,1.17753,1.17741,1.17739,1.17745,1.17743,-1
20170817  02:36:00,1.17745,1.17743,1.17745,1.17743,1.1772,1.17717,1.17725,1.17722,-1
20170817  02:37:00,1.17725,1.17722,1.17728,1.17727,1.17716,1.17712,1.17724,1.17722,-1
20170817  02:38:00,1.17724,1.17722,1.1773,1.17729,1.17721,1.17718,1.17729,1.17726,-1
20170817  02:39:00,1.17729,1.17726,1.17731,1.17727,1.17721,1.17718,1.17723,1.17721,-1
20170817  02:40:00,1.17723,1.17721,1.17724,1.17723,1.1771,1.17708,1.17715,1.17712,-1
20170817  02:41:00,1.17715,1.17712,1.17747,1.17743,1.17711,1.17708,1.17746,1.17742,-1
20170817  02:42:00,1.17746,1.17742,1.17747,1.17744,1.17732,1.1773,1.17733,1.1773,-1
20170817  02:43:00,1.17733,1.1773,1.17748,1.17744,1.17733,1.1773,1.17741,1.17738,-1
20170817  02:44:00,1.17741,1.17738,1.1775,1.17747,1.17735,1.17733,1.17741,1.17739,-1
20170817  02:45:00,1.17741,1.17739,1.17751,1.17748,1.17738,1.17737,1.17748,1.17747,-1
20170817  02:46:00,1.17748,1.17747,1.17751,1.17749,1.17742,1.1774,1.1775,1.17749,-1
20170817  02:47:00,1.1775,1.17749,1.17761,1.1776,1.17747,1.17744,1.17761,1.17758,-1
20170817  02:48:00,1.17761,1.17758,1.17776,1.17775,1.17757,1.17753,1.17765,1.17764,-1
20170817  02:49:00,1.17765,1.17764,1.17775,1.17772,1.17757,1.17753,1.17757,1.17753,-1
20170817  02:50:00,1.17757,1.17753,1.17761,1.17759,1.17741,1.17739,1.1776,1.17759,-1
20170817  02:51:00,1.1776,1.17759,1.1776,1.17759,1.17739,1.17736,1.17739,1.17736,-1
20170817  02:52:00,1.17739,1.17736,1.17739,1.17737,1.17715,1.17712,1.17719,1.17716,-1
20170817  02:53:00,1.17719,1.17716,1.17729,1.17727,1.17709,1.17708,1.17719,1.17717,-1
20170817  02:54:00,1.17719,1.17717,1.17724,1.17722,1.17651,1.17648,1.17658,1.17656,-1
20170817  02:55:00,1.17658,1.17656,1.17684,1.17683,1.17652,1.17651,1.17653,1.17651,-1
20170817  02:56:00,1.17653,1.17651,1.17662,1.1766,1.17635,1.17632,1.17652,1.17648,-1
20170817  02:57:00,1.17652,1.17648,1.1766,1.17658,1.17641,1.17639,1.17646,1.17644,-1
20170817  02:58:00,1.17646,1.17644,1.17664,1.17663,1.17641,1.17638,1.17659,1.17657,-1
20170817  02:59:00,1.17659,1.17657,1.17666,1.17665,1.17632,1.17629,1.17635,1.17632,-1
20170817  03:00:00,1.17635,1.17632,1.17654,1.17652,1.1759,1.17585,1.17596,1.17593,-1
20170817  03:01:00,1.17596,1.17593,1.17601,1.17599,1.17564,1.17563,1.17599,1.17597,-1
20170817  03:02:00,1.17599,1.17597,1.1762,1.17618,1.17599,1.17597,1.17605,1.17604,-1
20170817  03:03:00,1.17605,1.17604,1.17617,1.17614,1.17603,1.17601,1.17614,1.17612,-1
20170817  03:04:00,1.17614,1.17612,1.17636,1.17635,1.1761,1.17609,1.17624,1.17623,-1
20170817  03:05:00,1.17624,1.17623,1.17636,1.17633,1.17623,1.17621,1.17634,1.17632,-1
20170817  03:06:00,1.17634,1.17632,1.17661,1.17659,1.17634,1.17632,1.17653,1.17651,-1
20170817  03:07:00,1.17653,1.17651,1.17656,1.17654,1.17631,1.17629,1.1764,1.17639,-1
20170817  03:08:00,1.1764,1.17639,1.17641,1.17639,1.1763,1.17628,1.1763,1.17628,-1
20170817  03:09:00,1.1763,1.17628,1.17632,1.1763,1.1762,1.17619,1.1762,1.17619,-1
20170817  03:10:00,1.1762,1.17619,1.17625,1.17623,1.17585,1.17584,1.17596,1.17594,-1
20170817  03:11:00,1.17596,1.17594,1.17618,1.17615,1.17574,1.17573,1.17576,1.17575,-1
20170817  03:12:00,1.17576,1.17575,1.17582,1.17577,1.17532,1.1753,1.17549,1.17548,-1
20170817  03:13:00,1.17549,1.17548,1.17567,1.17565,1.17547,1.17545,1.17548,1.17545,-1
20170817  03:14:00,1.17548,1.17545,1.17561,1.17559,1.17541,1.17539,1.17554,1.17551,-1
20170817  03:15:00,1.17554,1.17551,1.1757,1.17567,1.17548,1.17547,1.17561,1.17559,-1
20170817  03:16:00,1.17561,1.17559,1.17568,1.17566,1.1755,1.17549,1.17568,1.17565,-1
20170817  03:17:00,1.17568,1.17565,1.17583,1.17582,1.17553,1.17551,1.17561,1.17558,-1
20170817  03:18:00,1.17561,1.17558,1.17561,1.17559,1.17536,1.17535,1.17541,1.17539,-1
20170817  03:19:00,1.17541,1.17539,1.17541,1.1754,1.17512,1.1751,1.17517,1.17515,-1
20170817  03:20:00,1.17517,1.17515,1.17548,1.17547,1.17517,1.17515,1.17548,1.17546,-1
20170817  03:21:00,1.17548,1.17546,1.17555,1.17554,1.17542,1.1754,1.1755,1.17548,-1
20170817  03:22:00,1.1755,1.17548,1.17565,1.17564,1.17545,1.17543,1.17564,1.17563,-1
20170817  03:23:00,1.17564,1.17563,1.17582,1.1758,1.17562,1.1756,1.17563,1.1756,-1
20170817  03:24:00,1.17563,1.1756,1.17563,1.1756,1.17556,1.17554,1.17561,1.17559,-1
20170817  03:25:00,1.17561,1.17559,1.17571,1.17569,1.17555,1.17551,1.1757,1.17568,-1
20170817  03:26:00,1.1757,1.17568,1.17573,1.17571,1.17561,1.17559,1.17567,1.17565,-1
20170817  03:27:00,1.17567,1.17565,1.1757,1.17568,1.1755,1.17548,1.1755,1.17548,-1
20170817  03:28:00,1.1755,1.17548,1.17558,1.17556,1.17544,1.17542,1.17544,1.17542,-1
20170817  03:29:00,1.17544,1.17542,1.17555,1.17553,1.17536,1.17535,1.17554,1.17553,-1
20170817  03:30:00,1.17554,1.17553,1.17555,1.17553,1.17515,1.17514,1.17545,1.17544,-1
20170817  03:31:00,1.17545,1.17544,1.176,1.17598,1.17545,1.17544,1.1759,1.17588,-1
20170817  03:32:00,1.1759,1.17588,1.176,1.17598,1.17575,1.17572,1.17597,1.17595,-1
20170817  03:33:00,1.17597,1.17595,1.17606,1.17604,1.17592,1.17589,1.17606,1.17603,-1
20170817  03:34:00,1.17606,1.17603,1.17623,1.1762,1.176,1.17599,1.17623,1.1762,-1
20170817  03:35:00,1.17623,1.1762,1.1763,1.17629,1.17614,1.17612,1.17614,1.17612,-1
20170817  03:36:00,1.17614,1.17612,1.17627,1.17625,1.17611,1.1761,1.17614,1.17613,-1
20170817  03:37:00,1.17614,1.17613,1.17614,1.17613,1.17592,1.1759,1.17596,1.17594,-1
20170817  03:38:00,1.17596,1.17594,1.17601,1.176,1.17593,1.1759,1.17596,1.17592,-1
20170817  03:39:00,1.17596,1.17592,1.17596,1.17592,1.17574,1.17572,1.1759,1.17588,-1
20170817  03:40:00,1.1759,1.17588,1.17615,1.17613,1.1759,1.17588,1.17611,1.17609,-1
20170817  03:41:00,1.17611,1.17609,1.1763,1.17628,1.17611,1.17609,1.17616,1.17613,-1
20170817  03:42:00,1.17616,1.17613,1.17616,1.17614,1.17601,1.17598,1.17608,1.17604,-1
20170817  03:43:00,1.17608,1.17604,1.17612,1.1761,1.176,1.17598,1.17607,1.17604,-1
20170817  03:44:00,1.17607,1.17604,1.17614,1.17612,1.17601,1.17599,1.17607,1.17604,-1
20170817  03:45:00,1.17607,1.17604,1.17611,1.17609,1.17585,1.1758,1.17588,1.17586,-1
20170817  03:46:00,1.17588,1.17586,1.17592,1.1759,1.17582,1.17579,1.17586,1.17585,-1
20170817  03:47:00,1.17586,1.17585,1.17586,1.17585,1.17561,1.17558,1.17572,1.17569,-1
20170817  03:48:00,1.17572,1.17569,1.17577,1.17575,1.17565,1.17564,1.17571,1.17569,-1
20170817  03:49:00,1.17571,1.17569,1.17576,1.17574,1.17551,1.1755,1.17576,1.17574,-1
20170817  03:50:00,1.17576,1.17574,1.17577,1.17575,1.17565,1.17562,1.17565,1.17562,-1
20170817  03:51:00,1.17565,1.17562,1.17571,1.17568,1.17556,1.17555,1.17561,1.17559,-1
20170817  03:52:00,1.17561,1.17559,1.17577,1.17575,1.17561,1.17559,1.17571,1.17569,-1
20170817  03:53:00,1.17571,1.17569,1.1758,1.17578,1.17571,1.17569,1.17579,1.17576,-1
20170817  03:54:00,1.17579,1.17576,1.1759,1.17589,1.17575,1.17573,1.17587,1.17585,-1
20170817  03:55:00,1.17587,1.17585,1.17593,1.17589,1.17581,1.17579,1.17588,1.17585,-1
20170817  03:56:00,1.17588,1.17585,1.17596,1.17592,1.17584,1.17581,1.17587,1.17585,-1
20170817  03:57:00,1.17587,1.17585,1.17598,1.17597,1.17585,1.17582,1.17598,1.17597,-1
20170817  03:58:00,1.17598,1.17597,1.17612,1.17609,1.17587,1.17586,1.17592,1.1759,-1
20170817  03:59:00,1.17592,1.1759,1.17596,1.17594,1.17551,1.1755,1.17561,1.1756,-1
20170817  04:00:00,1.17561,1.1756,1.17561,1.1756,1.1754,1.17539,1.17548,1.17546,-1
20170817  04:01:00,1.17548,1.17546,1.17555,1.17553,1.17533,1.1753,1.17536,1.17534,-1
20170817  04:02:00,1.17536,1.17534,1.17539,1.17538,1.17452,1.1745,1.17462,1.1746,-1
20170817  04:03:00,1.17462,1.1746,1.17475,1.17472,1.17449,1.17446,1.17467,1.17465,-1
20170817  04:04:00,1.17467,1.17465,1.17482,1.1748,1.17456,1.17454,1.17467,1.17464,-1
20170817  04:05:00,1.17467,1.17464,1.17471,1.17469,1.17447,1.17445,1.17448,1.17446,-1
20170817  04:06:00,1.17448,1.17446,1.17462,1.1746,1.17443,1.1744,1.17461,1.17459,-1
20170817  04:07:00,1.17461,1.17459,1.17462,1.1746,1.17442,1.1744,1.17447,1.17446,-1
20170817  04:08:00,1.17447,1.17446,1.17451,1.17449,1.17432,1.1743,1.17438,1.17437,-1
20170817  04:09:00,1.17438,1.17437,1.17448,1.17445,1.17432,1.17431,1.17447,1.17444,-1
20170817  04:10:00,1.17447,1.17444,1.17456,1.17453,1.17419,1.17416,1.17438,1.17436,-1
20170817  04:11:00,1.17438,1.17436,1.17447,1.17445,1.17425,1.17423,1.17425,1.17423,-1
20170817  04:12:00,1.17425,1.17423,1.1743,1.17428,1.17333,1.17331,1.17351,1.17348,-1
20170817  04:13:00,1.17351,1.17348,1.17381,1.17379,1.17346,1.17344,1.17381,1.17378,-1
20170817  04:14:00,1.17381,1.17378,1.17386,1.17384,1.17374,1.17372,1.17378,1.17375,-1
20170817  04:15:00,1.17378,1.17375,1.1739,1.17385,1.17377,1.17375,1.17379,1.17377,-1
20170817  04:16:00,1.17379,1.17377,1.17404,1.17402,1.17378,1.17377,1.17404,1.17402,-1
20170817  04:17:00,1.17404,1.17402,1.17417,1.17416,1.17403,1.17401,1.17412,1.17409,-1
20170817  04:18:00,1.17412,1.17409,1.17418,1.17415,1.17405,1.17402,1.17414,1.17411,-1
20170817  04:19:00,1.17414,1.17411,1.17422,1.17421,1.17404,1.17402,1.17422,1.17421,-1
20170817  04:20:00,1.17422,1.17421,1.17422,1.17421,1.17394,1.17392,1.17396,1.17393,-1
20170817  04:21:00,1.17396,1.17393,1.17396,1.17393,1.17374,1.17372,1.17387,1.17385,-1
20170817  04:22:00,1.17387,1.17385,1.17399,1.17397,1.17386,1.17383,1.17398,1.17397,-1
20170817  04:23:00,1.17398,1.17397,1.17423,1.17421,1.17398,1.17396,1.17423,1.17421,-1
20170817  04:24:00,1.17423,1.17421,1.17443,1.17442,1.17421,1.17419,1.17434,1.17432,-1
20170817  04:25:00,1.17434,1.17432,1.17438,1.17435,1.17418,1.17416,1.17421,1.1742,-1
20170817  04:26:00,1.17421,1.1742,1.17426,1.17421,1.17403,1.17401,1.17403,1.17402,-1
20170817  04:27:00,1.17403,1.17402,1.17407,1.17405,1.17397,1.17396,1.174,1.17398,-1
20170817  04:28:00,1.174,1.17398,1.174,1.17398,1.17387,1.17386,1.17388,1.17387,-1
20170817  04:29:00,1.17388,1.17387,1.17405,1.17402,1.17379,1.17377,1.17403,1.174,-1
20170817  04:30:00,1.17403,1.174,1.17442,1.1744,1.17395,1.17393,1.17409,1.17407,-1
20170817  04:31:00,1.17409,1.17407,1.17421,1.1742,1.17382,1.1738,1.17382,1.1738,-1
20170817  04:32:00,1.17382,1.1738,1.17397,1.17395,1.17369,1.17367,1.1738,1.17379,-1
20170817  04:33:00,1.1738,1.17379,1.17386,1.17385,1.17369,1.17367,1.17383,1.17381,-1
20170817  04:34:00,1.17383,1.17381,1.17404,1.17401,1.17383,1.17381,1.17392,1.1739,-1
20170817  04:35:00,1.17392,1.1739,1.17414,1.17413,1.17392,1.1739,1.17408,1.17406,-1
20170817  04:36:00,1.17408,1.17406,1.17408,1.17406,1.17392,1.1739,1.17401,1.17399,-1
20170817  04:37:00,1.17401,1.17399,1.17407,1.17405,1.17378,1.17375,1.17401,1.17398,-1
20170817  04:38:00,1.17401,1.17398,1.17404,1.17402,1.17387,1.17386,1.17389,1.17386,-1
20170817  04:39:00,1.17389,1.17386,1.1739,1.17387,1.17368,1.17366,1.17375,1.17373,-1
20170817  04:40:00,1.17375,1.17373,1.17394,1.17392,1.17374,1.17372,1.17386,1.17385,-1
20170817  04:41:00,1.17386,1.17385,1.17392,1.1739,1.17377,1.17375,1.17378,1.17376,-1
20170817  04:42:00,1.17378,1.17376,1.17412,1.17409,1.17378,1.17376,1.17412,1.17409,-1
20170817  04:43:00,1.17412,1.17409,1.17412,1.1741,1.17401,1.17399,1.17403,1.17401,-1
20170817  04:44:00,1.17403,1.17401,1.17416,1.17415,1.17386,1.17384,1.17386,1.17384,-1
20170817  04:45:00,1.17386,1.17384,1.17386,1.17384,1.17334,1.17332,1.1734,1.17338,-1
20170817  04:46:00,1.1734,1.17338,1.17346,1.17344,1.17311,1.1731,1.17316,1.17314,-1
20170817  04:47:00,1.17316,1.17314,1.17322,1.1732,1.17301,1.173,1.17322,1.1732,-1
20170817  04:48:00,1.17322,1.1732,1.17354,1.17353,1.1732,1.17317,1.17342,1.17339,-1
20170817  04:49:00,1.17342,1.17339,1.17355,1.17354,1.17335,1.17334,1.17352,1.17351,-1
20170817  04:50:00,1.17352,1.17351,1.17362,1.17361,1.17348,1.17346,1.17354,1.17353,-1
20170817  04:51:00,1.17354,1.17353,1.17368,1.17366,1.1735,1.17348,1.1735,1.17348,-1
20170817  04:52:00,1.1735,1.17348,1.17363,1.17361,1.17346,1.17343,1.17363,1.1736,-1
20170817  04:53:00,1.17363,1.1736,1.17377,1.17374,1.17356,1.17353,1.17366,1.17365,-1
20170817  04:54:00,1.17366,1.17365,1.17368,1.17367,1.17346,1.17344,1.17348,1.17346,-1
20170817  04:55:00,1.17348,1.17346,1.1736,1.17358,1.17337,1.17334,1.1736,1.17358,-1
20170817  04:56:00,1.1736,1.17358,1.17365,1.17364,1.17343,1.17342,1.17348,1.17345,-1
20170817  04:57:00,1.17348,1.17345,1.17356,1.17354,1.17342,1.1734,1.17348,1.17346,-1
20170817  04:58:00,1.17348,1.17346,1.17362,1.1736,1.17324,1.17322,1.17334,1.17332,-1
20170817  04:59:00,1.17334,1.17332,1.17353,1.17349,1.17329,1.17322,1.17336,1.17331,-1
20170817  05:00:00,1.17336,1.17331,1.17357,1.17356,1.17328,1.17325,1.17355,1.17353,-1
20170817  05:01:00,1.17355,1.17353,1.17369,1.17367,1.17348,1.17347,1.17361,1.1736,-1
20170817  05:02:00,1.17361,1.1736,1.17377,1.17374,1.17356,1.17355,1.17357,1.17355,-1
20170817  05:03:00,1.17357,1.17355,1.17365,1.17363,1.1735,1.17349,1.17356,1.17354,-1
20170817  05:04:00,1.17356,1.17354,1.17368,1.17367,1.17353,1.17351,1.17368,1.17367,-1
20170817  05:05:00,1.17368,1.17367,1.17368,1.17367,1.17339,1.17337,1.17344,1.17343,-1
20170817  05:06:00,1.17344,1.17343,1.17346,1.17345,1.1733,1.17328,1.17333,1.1733,-1
20170817  05:07:00,1.17333,1.1733,1.17366,1.17365,1.17329,1.17328,1.17354,1.17352,-1
20170817  05:08:00,1.17354,1.17352,1.17354,1.17352,1.17343,1.17342,1.17348,1.17345,-1
20170817  05:09:00,1.17348,1.17345,1.17356,1.17353,1.17347,1.17345,1.17354,1.17353,-1
20170817  05:10:00,1.17354,1.17353,1.17364,1.17361,1.1735,1.17349,1.17357,1.17355,-1
20170817  05:11:00,1.17357,1.17355,1.17373,1.1737,1.17356,1.17354,1.17357,1.17356,-1
20170817  05:12:00,1.17357,1.17356,1.17368,1.17365,1.17353,1.17351,1.17354,1.17351,-1
20170817  05:13:00,1.17354,1.17351,1.17363,1.17361,1.17353,1.17351,1.17357,1.17355,-1
20170817  05:14:00,1.17357,1.17355,1.1736,1.17358,1.17346,1.17344,1.17347,1.17345,-1
20170817  05:15:00,1.17347,1.17345,1.17357,1.17355,1.17331,1.17329,1.1735,1.17348,-1
20170817  05:16:00,1.1735,1.17348,1.17359,1.17356,1.17347,1.17346,1.17348,1.17346,-1
20170817  05:17:00,1.17348,1.17346,1.17363,1.17361,1.17344,1.17343,1.17359,1.17356,-1
20170817  05:18:00,1.17359,1.17356,1.17359,1.17356,1.17343,1.17341,1.17349,1.17348,-1
20170817  05:19:00,1.17349,1.17348,1.17351,1.17349,1.17333,1.17331,1.17333,1.17331,-1
20170817  05:20:00,1.17333,1.17331,1.17335,1.17334,1.17321,1.1732,1.17321,1.1732,-1
20170817  05:21:00,1.17321,1.1732,1.17327,1.17325,1.17256,1.17252,1.17267,1.17265,-1
20170817  05:22:00,1.17267,1.17265,1.17285,1.17283,1.17267,1.17265,1.17274,1.17272,-1
20170817  05:23:00,1.17274,1.17272,1.17274,1.17272,1.17228,1.17227,1.17245,1.17242,-1
20170817  05:24:00,1.17245,1.17242,1.1726,1.17258,1.17233,1.17232,1.17258,1.17257,-1
20170817  05:25:00,1.17258,1.17257,1.17271,1.17269,1.17257,1.17255,1.17265,1.17263,-1
20170817  05:26:00,1.17265,1.17263,1.1728,1.17277,1.17263,1.1726,1.17264,1.17261,-1
20170817  05:27:00,1.17264,1.17261,1.17285,1.17284,1.17263,1.1726,1.1728,1.17279,-1
20170817  05:28:00,1.1728,1.17279,1.17286,1.17284,1.1726,1.17259,1.17261,1.17259,-1
20170817  05:29:00,1.17261,1.17259,1.17277,1.17275,1.17259,1.17257,1.17266,1.17264,-1
20170817  05:30:00,1.17266,1.17264,1.17268,1.17267,1.17242,1.17241,1.1725,1.17248,-1
20170817  05:31:00,1.1725,1.17248,1.17255,1.17253,1.17239,1.17238,1.17251,1.1725,-1
20170817  05:32:00,1.17251,1.1725,1.17263,1.17262,1.17249,1.17248,1.17256,1.17253,-1
20170817  05:33:00,1.17256,1.17253,1.17284,1.17282,1.17256,1.17253,1.17273,1.1727,-1
20170817  05:34:00,1.17273,1.1727,1.17276,1.17274,1.17252,1.1725,1.17259,1.17257,-1
20170817  05:35:00,1.17259,1.17257,1.17271,1.17269,1.17251,1.17249,1.1726,1.17258,-1
20170817  05:36:00,1.1726,1.17258,1.17273,1.17272,1.17258,1.17256,1.17271,1.17269,-1
20170817  05:37:00,1.17271,1.17269,1.1729,1.17288,1.17269,1.17266,1.17289,1.17285,-1
20170817  05:38:00,1.17289,1.17285,1.17291,1.17288,1.1728,1.17277,1.17289,1.17286,-1
20170817  05:39:00,1.17289,1.17286,1.17299,1.17297,1.17283,1.17281,1.17285,1.17282,-1
20170817  05:40:00,1.17285,1.17282,1.17287,1.17284,1.17263,1.17261,1.17272,1.1727,-1
20170817  05:41:00,1.17272,1.1727,1.17275,1.17272,1.1726,1.17258,1.17272,1.1727,-1
20170817  05:42:00,1.17272,1.1727,1.17281,1.17279,1.17266,1.17265,1.17269,1.17267,-1
20170817  05:43:00,1.17269,1.17267,1.17269,1.17267,1.17256,1.17255,1.17258,1.17256,-1
20170817  05:44:00,1.17258,1.17256,1.17264,1.17263,1.17255,1.17253,1.17257,1.17256,-1
20170817  05:45:00,1.17257,1.17256,1.17263,1.17261,1.17211,1.17209,1.17222,1.1722,-1
20170817  05:46:00,1.17222,1.1722,1.17237,1.17234,1.1721,1.17208,1.17232,1.17231,-1
20170817  05:47:00,1.17232,1.17231,1.17254,1.17251,1.17232,1.17231,1.17243,1.1724,-1
20170817  05:48:00,1.17243,1.1724,1.17243,1.1724,1.17197,1.17196,1.17204,1.17203,-1
20170817  05:49:00,1.17204,1.17203,1.17211,1.17209,1.17162,1.17157,1.17166,1.17163,-1
20170817  05:50:00,1.17166,1.17163,1.17193,1.17191,1.17148,1.17147,1.17159,1.17158,-1
20170817  05:51:00,1.17159,1.17158,1.1717,1.17168,1.17124,1.17121,1.17128,1.17125,-1
20170817  05:52:00,1.17128,1.17125,1.17157,1.17155,1.17126,1.17121,1.17152,1.17151,-1
20170817  05:53:00,1.17152,1.17151,1.17153,1.17151,1.17125,1.17124,1.17125,1.17124,-1
20170817  05:54:00,1.17125,1.17124,1.17126,1.17125,1.17081,1.1708,1.1709,1.17089,-1
20170817  05:55:00,1.1709,1.17089,1.17103,1.171,1.17056,1.17055,1.17073,1.17071,-1
20170817  05:56:00,1.17073,1.17071,1.17096,1.17095,1.17056,1.17055,1.17056,1.17055,-1
20170817  05:57:00,1.17056,1.17055,1.17062,1.1706,1.17038,1.17037,1.17056,1.17053,-1
20170817  05:58:00,1.17056,1.17053,1.17081,1.17079,1.17052,1.1705,1.17078,1.17077,-1
20170817  05:59:00,1.17078,1.17077,1.1708,1.17077,1.17057,1.17056,1.17068,1.17066,-1
20170817  06:00:00,1.17068,1.17066,1.17088,1.17086,1.17068,1.17066,1.17075,1.17073,-1
20170817  06:01:00,1.17075,1.17073,1.1708,1.17076,1.17052,1.17051,1.17056,1.17054,-1
20170817  06:02:00,1.17056,1.17054,1.17061,1.17058,1.17043,1.1704,1.17043,1.17041,-1
20170817  06:03:00,1.17043,1.17041,1.17044,1.17042,1.17003,1.17002,1.17008,1.17005,-1
20170817  06:04:00,1.17008,1.17005,1.17033,1.17031,1.17006,1.17003,1.17033,1.17031,-1
20170817  06:05:00,1.17033,1.17031,1.17034,1.17033,1.17027,1.17026,1.17032,1.17029,-1
20170817  06:06:00,1.17032,1.17029,1.17053,1.17051,1.17017,1.17015,1.17026,1.17023,-1
20170817  06:07:00,1.17026,1.17023,1.17032,1.17029,1.17006,1.17004,1.17032,1.17029,-1
20170817  06:08:00,1.17032,1.17029,1.17039,1.17038,1.16973,1.16972,1.17001,1.16998,-1
20170817  06:09:00,1.17001,1.16998,1.17033,1.17031,1.17001,1.16998,1.17027,1.17025,-1
20170817  06:10:00,1.17027,1.17025,1.17027,1.17025,1.16949,1.16947,1.1698,1.16979,-1
20170817  06:11:00,1.1698,1.16979,1.1703,1.17029,1.1698,1.16979,1.17028,1.17026,-1
20170817  06:12:00,1.17028,1.17026,1.17058,1.17056,1.17023,1.17022,1.17028,1.17026,-1
20170817  06:13:00,1.17028,1.17026,1.17048,1.17046,1.17027,1.17025,1.17033,1.17031,-1
20170817  06:14:00,1.17033,1.17031,1.17064,1.1706,1.17029,1.17027,1.17054,1.17051,-1
20170817  06:15:00,1.17054,1.17051,1.17065,1.17064,1.17052,1.1705,1.17058,1.17057,-1
20170817  06:16:00,1.17058,1.17057,1.17074,1.17071,1.17055,1.17053,1.17063,1.17062,-1
20170817  06:17:00,1.17063,1.17062,1.17074,1.17072,1.17059,1.17057,1.17072,1.17071,-1
20170817  06:18:00,1.17072,1.17071,1.17074,1.17072,1.17058,1.17057,1.17064,1.17063,-1
20170817  06:19:00,1.17064,1.17063,1.17066,1.17065,1.17043,1.17042,1.17062,1.1706,-1
20170817  06:20:00,1.17062,1.1706,1.17072,1.17071,1.17062,1.1706,1.1707,1.17068,-1
20170817  06:21:00,1.1707,1.17068,1.17071,1.17068,1.17037,1.17036,1.17052,1.17051,-1
20170817  06:22:00,1.17052,1.17051,1.17065,1.17063,1.17049,1.17047,1.17064,1.17062,-1
20170817  06:23:00,1.17064,1.17062,1.1708,1.17079,1.17061,1.17058,1.1708,1.17079,-1
20170817  06:24:00,1.1708,1.17079,1.1708,1.17079,1.17061,1.1706,1.17063,1.17062,-1
20170817  06:25:00,1.17063,1.17062,1.17064,1.17063,1.17043,1.17042,1.17059,1.17058,-1
20170817  06:26:00,1.17059,1.17058,1.17061,1.17058,1.17033,1.17032,1.17043,1.17042,-1
20170817  06:27:00,1.17043,1.17042,1.17053,1.17051,1.17038,1.17037,1.17048,1.17047,-1
20170817  06:28:00,1.17048,1.17047,1.17066,1.17065,1.17048,1.17047,1.1705,1.17049,-1
20170817  06:29:00,1.1705,1.17049,1.17053,1.17051,1.17036,1.17033,1.17045,1.17042,-1
20170817  06:30:00,1.17045,1.17042,1.17053,1.17051,1.1704,1.17039,1.1705,1.17049,-1
20170817  06:31:00,1.1705,1.17049,1.17063,1.17062,1.17048,1.17046,1.17048,1.17046,-1
20170817  06:32:00,1.17048,1.17046,1.17048,1.17046,1.17019,1.17016,1.17034,1.17032,-1
20170817  06:33:00,1.17034,1.17032,1.17057,1.17055,1.17034,1.17032,1.1705,1.17049,-1
20170817  06:34:00,1.1705,1.17049,1.17057,1.17056,1.17048,1.17047,1.17054,1.17053,-1
20170817  06:35:00,1.17054,1.17053,1.17058,1.17056,1.17019,1.17018,1.17022,1.1702,-1
20170817  06:36:00,1.17022,1.1702,1.17026,1.17024,1.16982,1.16981,1.16997,1.16995,-1
20170817  06:37:00,1.16997,1.16995,1.17013,1.17012,1.16989,1.16988,1.16998,1.16997,-1
20170817  06:38:00,1.16998,1.16997,1.17006,1.17003,1.16991,1.16988,1.16998,1.16997,-1
20170817  06:39:00,1.16998,1.16997,1.17001,1.17,1.16993,1.16991,1.16996,1.16995,-1
20170817  06:40:00,1.16996,1.16995,1.17031,1.17029,1.16995,1.16993,1.17028,1.17026,-1
20170817  06:41:00,1.17028,1.17026,1.17035,1.17033,1.17021,1.1702,1.17021,1.1702,-1
20170817  06:42:00,1.17021,1.1702,1.17021,1.1702,1.16967,1.16965,1.16973,1.16972,-1
20170817  06:43:00,1.16973,1.16972,1.1699,1.16989,1.16966,1.16965,1.16971,1.1697,-1
20170817  06:44:00,1.16971,1.1697,1.16978,1.16976,1.16903,1.169,1.16915,1.16914,-1
20170817  06:45:00,1.16915,1.16914,1.16927,1.16925,1.16905,1.16904,1.16907,1.16905,-1
20170817  06:46:00,1.16907,1.16905,1.16935,1.16933,1.16904,1.16902,1.16931,1.1693,-1
20170817  06:47:00,1.16931,1.1693,1.16982,1.16979,1.16931,1.1693,1.16957,1.16954,-1
20170817  06:48:00,1.16957,1.16954,1.16958,1.16957,1.16919,1.16916,1.16931,1.1693,-1
20170817  06:49:00,1.16931,1.1693,1.16962,1.1696,1.16929,1.16927,1.16962,1.1696,-1
20170817  06:50:00,1.16962,1.1696,1.16965,1.16963,1.16925,1.16924,1.1693,1.16927,-1
20170817  06:51:00,1.1693,1.16927,1.16947,1.16945,1.16922,1.16921,1.16941,1.16939,-1
20170817  06:52:00,1.16941,1.16939,1.16985,1.16983,1.1694,1.16937,1.16982,1.1698,-1
20170817  06:53:00,1.16982,1.1698,1.16999,1.16997,1.16978,1.16976,1.16992,1.16991,-1
20170817  06:54:00,1.16992,1.16991,1.16992,1.16991,1.16977,1.16976,1.1698,1.16979,-1
20170817  06:55:00,1.1698,1.16979,1.17,1.16998,1.16979,1.16975,1.16989,1.16987,-1
20170817  06:56:00,1.16989,1.16987,1.17,1.16998,1.16986,1.16985,1.16986,1.16985,-1
20170817  06:57:00,1.16986,1.16985,1.16999,1.16997,1.16979,1.16977,1.16994,1.16993,-1
20170817  06:58:00,1.16994,1.16993,1.16994,1.16993,1.16978,1.16976,1.16985,1.16983,-1
20170817  06:59:00,1.16985,1.16983,1.1699,1.16988,1.16973,1.1697,1.16977,1.16975,-1
20170817  07:00:00,1.16977,1.16975,1.16982,1.16978,1.16938,1.16935,1.16955,1.16953,-1
20170817  07:01:00,1.16955,1.16953,1.16955,1.16953,1.16936,1.16935,1.16943,1.16942,-1
20170817  07:02:00,1.16943,1.16942,1.1696,1.16959,1.16938,1.16937,1.16948,1.16947,-1
20170817  07:03:00,1.16948,1.16947,1.16948,1.16947,1.16926,1.16925,1.1693,1.16928,-1
20170817  07:04:00,1.1693,1.16928,1.16939,1.16937,1.16914,1.16913,1.16921,1.16919,-1
20170817  07:05:00,1.16921,1.16919,1.16936,1.16933,1.16918,1.16917,1.16919,1.16917,-1
20170817  07:06:00,1.16919,1.16917,1.16932,1.1693,1.1688,1.16879,1.16889,1.16887,-1
20170817  07:07:00,1.16889,1.16887,1.16926,1.16925,1.16887,1.16884,1.16926,1.16924,-1
20170817  07:08:00,1.16926,1.16924,1.16953,1.16951,1.16922,1.1692,1.16939,1.16936,-1
20170817  07:09:00,1.16939,1.16936,1.1694,1.16939,1.169,1.16899,1.16906,1.16904,-1
20170817  07:10:00,1.16906,1.16904,1.16917,1.16916,1.16904,1.16903,1.16914,1.16913,-1
20170817  07:11:00,1.16914,1.16913,1.1699,1.16988,1.16913,1.1691,1.16987,1.16986,-1
20170817  07:12:00,1.16987,1.16986,1.16988,1.16986,1.16948,1.16945,1.16967,1.16966,-1
20170817  07:13:00,1.16967,1.16966,1.16982,1.16981,1.16966,1.16965,1.16973,1.16972,-1
20170817  07:14:00,1.16973,1.16972,1.16992,1.16989,1.16968,1.16967,1.1698,1.16979,-1
20170817  07:15:00,1.1698,1.16979,1.17006,1.17004,1.16962,1.1696,1.16987,1.16986,-1
20170817  07:16:00,1.16987,1.16986,1.16989,1.16988,1.16976,1.16974,1.16988,1.16986,-1
20170817  07:17:00,1.16988,1.16986,1.17006,1.17005,1.16987,1.16986,1.17004,1.17003,-1
20170817  07:18:00,1.17004,1.17003,1.17008,1.17005,1.16976,1.16974,1.16996,1.16993,-1
20170817  07:19:00,1.16996,1.16993,1.17003,1.17002,1.16977,1.16975,1.16977,1.16975,-1
20170817  07:20:00,1.16977,1.16975,1.16987,1.16985,1.16973,1.16971,1.16983,1.16981,-1
20170817  07:21:00,1.16983,1.16981,1.16986,1.16985,1.16968,1.16966,1.16973,1.16972,-1
20170817  07:22:00,1.16973,1.16972,1.16977,1.16975,1.16929,1.16926,1.16951,1.1695,-1
20170817  07:23:00,1.16951,1.1695,1.16957,1.16954,1.16943,1.16942,1.16944,1.16942,-1
20170817  07:24:00,1.16944,1.16942,1.16957,1.16954,1.16944,1.16942,1.16947,1.16945,-1
20170817  07:25:00,1.16947,1.16945,1.16967,1.16966,1.16944,1.16942,1.16967,1.16966,-1
20170817  07:26:00,1.16967,1.16966,1.16995,1.16994,1.1696,1.16959,1.16992,1.16991,-1
20170817  07:27:00,1.16992,1.16991,1.16992,1.16991,1.16964,1.16963,1.16983,1.16982,-1
20170817  07:28:00,1.16983,1.16982,1.16995,1.16993,1.16973,1.16972,1.16994,1.16992,-1
20170817  07:29:00,1.16994,1.16992,1.17017,1.17012,1.1699,1.16988,1.17013,1.1701,-1
20170817  07:30:00,1.17013,1.1701,1.17014,1.17012,1.16658,1.16653,1.16759,1.16757,-1
20170817  07:31:00,1.16759,1.16757,1.16759,1.16757,1.16624,1.1662,1.16664,1.16661,-1
20170817  07:32:00,1.16664,1.16661,1.16781,1.16779,1.16661,1.16659,1.16733,1.16732,-1
20170817  07:33:00,1.16733,1.16732,1.16738,1.16735,1.16628,1.16624,1.16642,1.1664,-1
20170817  07:34:00,1.16642,1.1664,1.16714,1.16712,1.16639,1.16638,1.16705,1.16703,-1
20170817  07:35:00,1.16705,1.16703,1.1675,1.16748,1.16686,1.16685,1.1675,1.16748,-1
20170817  07:36:00,1.1675,1.16748,1.1681,1.16809,1.16736,1.16735,1.16745,1.16743,-1
20170817  07:37:00,1.16745,1.16743,1.16778,1.16776,1.16718,1.16717,1.16773,1.16772,-1
20170817  07:38:00,1.16773,1.16772,1.16791,1.1679,1.16757,1.16756,1.16789,1.16788,-1
20170817  07:39:00,1.16789,1.16788,1.16821,1.16819,1.16747,1.16745,1.1675,1.16748,-1
20170817  07:40:00,1.1675,1.16748,1.16806,1.16805,1.1675,1.16748,1.16767,1.16765,-1
20170817  07:41:00,1.16767,1.16765,1.1678,1.16778,1.16747,1.16745,1.16777,1.16775,-1
20170817  07:42:00,1.16777,1.16775,1.16898,1.16897,1.16768,1.16767,1.16862,1.1686,-1
20170817  07:43:00,1.16862,1.1686,1.16995,1.16994,1.16844,1.16842,1.16868,1.16864,-1
20170817  07:44:00,1.16868,1.16864,1.169,1.16897,1.16859,1.16857,1.16881,1.16878,-1
20170817  07:45:00,1.16881,1.16878,1.16885,1.16884,1.1685,1.16849,1.16869,1.16868,-1
20170817  07:46:00,1.16869,1.16868,1.16903,1.16901,1.16861,1.1686,1.16899,1.16898,-1
20170817  07:47:00,1.16899,1.16898,1.16924,1.16921,1.16853,1.16851,1.16881,1.1688,-1
20170817  07:48:00,1.16881,1.1688,1.16913,1.1691,1.16872,1.1687,1.16892,1.16891,-1
20170817  07:49:00,1.16892,1.16891,1.16921,1.16919,1.16885,1.16882,1.16901,1.16898,-1
20170817  07:50:00,1.16901,1.16898,1.16979,1.16977,1.16885,1.16883,1.16977,1.16976,-1
20170817  07:51:00,1.16977,1.16976,1.1698,1.16978,1.16922,1.1692,1.16922,1.16921,-1
20170817  07:52:00,1.16922,1.16921,1.17093,1.17091,1.16899,1.16894,1.17026,1.17023,-1
20170817  07:53:00,1.17026,1.17023,1.17143,1.1714,1.16999,1.16998,1.1708,1.17079,-1
20170817  07:54:00,1.1708,1.17079,1.17091,1.1709,1.17026,1.17023,1.17026,1.17024,-1
20170817  07:55:00,1.17026,1.17024,1.17043,1.17041,1.16998,1.16997,1.17021,1.1702,-1
20170817  07:56:00,1.17021,1.1702,1.17034,1.17033,1.17006,1.17005,1.17006,1.17005,-1
20170817  07:57:00,1.17006,1.17005,1.1705,1.17048,1.16989,1.16987,1.17034,1.17031,-1
20170817  07:58:00,1.17034,1.17031,1.17044,1.17042,1.16982,1.1698,1.16997,1.16995,-1
20170817  07:59:00,1.16997,1.16995,1.17013,1.17012,1.16976,1.16975,1.16997,1.16995,-1
20170817  08:00:00,1.16997,1.16995,1.17032,1.17031,1.1698,1.16978,1.17013,1.17011,-1
20170817  08:01:00,1.17013,1.17011,1.17043,1.17042,1.17001,1.17,1.1701,1.17009,-1
20170817  08:02:00,1.1701,1.17009,1.17027,1.17026,1.16995,1.16993,1.1702,1.17019,-1
20170817  08:03:00,1.1702,1.17019,1.1702,1.17019,1.16985,1.16983,1.16985,1.16984,-1
20170817  08:04:00,1.16985,1.16984,1.16985,1.16984,1.16947,1.16945,1.16966,1.16963,-1
20170817  08:05:00,1.16966,1.16963,1.17002,1.17,1.16966,1.16963,1.16995,1.16992,-1
20170817  08:06:00,1.16995,1.16992,1.17005,1.17003,1.16977,1.16975,1.16987,1.16986,-1
20170817  08:07:00,1.16987,1.16986,1.1701,1.17007,1.16975,1.16974,1.16978,1.16976,-1
20170817  08:08:00,1.16978,1.16976,1.16992,1.16989,1.16965,1.16963,1.16966,1.16963,-1
20170817  08:09:00,1.16966,1.16963,1.16985,1.16983,1.16966,1.16963,1.16973,1.16972,-1
20170817  08:10:00,1.16973,1.16972,1.16982,1.16981,1.1696,1.16958,1.1696,1.16959,-1
20170817  08:11:00,1.1696,1.16959,1.16969,1.16968,1.16938,1.16937,1.16964,1.16961,-1
20170817  08:12:00,1.16964,1.16961,1.16964,1.16961,1.16924,1.16922,1.16945,1.16943,-1
20170817  08:13:00,1.16945,1.16943,1.16948,1.16947,1.16933,1.16931,1.16939,1.16936,-1
20170817  08:14:00,1.16939,1.16936,1.16977,1.16976,1.16927,1.16925,1.16962,1.16961,-1
20170817  08:15:00,1.16962,1.16961,1.16991,1.16989,1.16947,1.16945,1.16962,1.16959,-1
20170817  08:16:00,1.16962,1.16959,1.16971,1.1697,1.1695,1.16947,1.1695,1.16948,-1
20170817  08:17:00,1.1695,1.16948,1.16964,1.16962,1.16941,1.1694,1.16955,1.16954,-1
20170817  08:18:00,1.16955,1.16954,1.16964,1.16963,1.16943,1.16942,1.16949,1.16948,-1
20170817  08:19:00,1.16949,1.16948,1.16953,1.16952,1.16919,1.16917,1.16925,1.16924,-1
20170817  08:20:00,1.16925,1.16924,1.16927,1.16926,1.16905,1.16902,1.1691,1.16909,-1
20170817  08:21:00,1.1691,1.16909,1.16922,1.16921,1.16897,1.16896,1.16911,1.1691,-1
20170817  08:22:00,1.16911,1.1691,1.16915,1.16912,1.16899,1.16897,1.16908,1.16906,-1
20170817  08:23:00,1.16908,1.16906,1.16942,1.1694,1.169,1.16898,1.16941,1.1694,-1
20170817  08:24:00,1.16941,1.1694,1.16945,1.16941,1.16921,1.16919,1.1694,1.16939,-1
20170817  08:25:00,1.1694,1.16939,1.16942,1.16941,1.16922,1.16919,1.16922,1.16919,-1
20170817  08:26:00,1.16922,1.16919,1.16945,1.16944,1.16916,1.16913,1.16945,1.16944,-1
20170817  08:27:00,1.16945,1.16944,1.16971,1.1697,1.16942,1.16941,1.16968,1.16965,-1
20170817  08:28:00,1.16968,1.16965,1.1697,1.16969,1.16951,1.1695,1.16969,1.16968,-1
20170817  08:29:00,1.16969,1.16968,1.16991,1.16989,1.16961,1.16954,1.1698,1.1697,-1
20170817  08:30:00,1.1698,1.1697,1.16982,1.16978,1.16885,1.16882,1.16895,1.16893,-1
20170817  08:31:00,1.16895,1.16893,1.16957,1.16956,1.16892,1.16889,1.16957,1.16954,-1
20170817  08:32:00,1.16957,1.16954,1.16993,1.16992,1.16947,1.16945,1.16982,1.1698,-1
20170817  08:33:00,1.16982,1.1698,1.16984,1.16983,1.1695,1.16948,1.16955,1.16953,-1
20170817  08:34:00,1.16955,1.16953,1.16994,1.16992,1.16936,1.16934,1.16992,1.16991,-1
20170817  08:35:00,1.16992,1.16991,1.16995,1.16994,1.16959,1.16958,1.16961,1.16959,-1
20170817  08:36:00,1.16961,1.16959,1.16978,1.16976,1.16947,1.16946,1.16967,1.16965,-1
20170817  08:37:00,1.16967,1.16965,1.16985,1.16983,1.16941,1.1694,1.16942,1.1694,-1
20170817  08:38:00,1.16942,1.1694,1.16945,1.16944,1.1691,1.16908,1.16926,1.16924,-1
20170817  08:39:00,1.16926,1.16924,1.16935,1.16933,1.16916,1.16914,1.16929,1.16927,-1
20170817  08:40:00,1.16929,1.16927,1.1693,1.16928,1.1685,1.16848,1.16859,1.16858,-1
20170817  08:41:00,1.16859,1.16858,1.1687,1.16869,1.16835,1.16834,1.1684,1.16839,-1
20170817  08:42:00,1.1684,1.16839,1.16866,1.16864,1.16838,1.16836,1.16859,1.16857,-1
20170817  08:43:00,1.16859,1.16857,1.16883,1.16881,1.16855,1.16853,1.16875,1.16874,-1
20170817  08:44:00,1.16875,1.16874,1.16889,1.16888,1.16868,1.16866,1.16877,1.16875,-1
20170817  08:45:00,1.16877,1.16875,1.16882,1.16881,1.16855,1.16854,1.16861,1.1686,-1
20170817  08:46:00,1.16861,1.1686,1.16868,1.16866,1.16821,1.1682,1.16824,1.16823,-1
20170817  08:47:00,1.16824,1.16823,1.16865,1.16864,1.16818,1.16817,1.16863,1.16862,-1
20170817  08:48:00,1.16863,1.16862,1.16906,1.16904,1.16861,1.1686,1.16876,1.16875,-1
20170817  08:49:00,1.16876,1.16875,1.1691,1.16908,1.16868,1.16866,1.16905,1.16903,-1
20170817  08:50:00,1.16905,1.16903,1.16905,1.16903,1.16871,1.1687,1.16885,1.16884,-1
20170817  08:51:00,1.16885,1.16884,1.16897,1.16895,1.16875,1.16874,1.16897,1.16893,-1
20170817  08:52:00,1.16897,1.16893,1.16903,1.16901,1.16882,1.16881,1.16885,1.16884,-1
20170817  08:53:00,1.16885,1.16884,1.16903,1.16902,1.16868,1.16866,1.16903,1.16901,-1
20170817  08:54:00,1.16903,1.16901,1.16909,1.16908,1.16894,1.16893,1.16907,1.16906,-1
20170817  08:55:00,1.16907,1.16906,1.16921,1.16919,1.169,1.16899,1.16921,1.16919,-1
20170817  08:56:00,1.16921,1.16919,1.16968,1.16967,1.16913,1.16912,1.16964,1.16963,-1
20170817  08:57:00,1.16964,1.16963,1.16965,1.16963,1.16931,1.16928,1.16932,1.16931,-1
20170817  08:58:00,1.16932,1.16931,1.1694,1.16939,1.16917,1.16915,1.16939,1.16937,-1
20170817  08:59:00,1.16939,1.16937,1.16956,1.16954,1.16918,1.16916,1.16936,1.16934,-1
20170817  09:00:00,1.16936,1.16934,1.16954,1.16952,1.16932,1.16931,1.1695,1.16949,-1
20170817  09:01:00,1.1695,1.16949,1.16951,1.16949,1.16936,1.16935,1.16936,1.16935,-1
20170817  09:02:00,1.16936,1.16935,1.16948,1.16946,1.16926,1.16925,1.16947,1.16946,-1
20170817  09:03:00,1.16947,1.16946,1.16961,1.1696,1.16943,1.16942,1.16956,1.16954,-1
20170817  09:04:00,1.16956,1.16954,1.16958,1.16956,1.16947,1.16946,1.16952,1.16951,-1
20170817  09:05:00,1.16952,1.16951,1.16956,1.16954,1.16936,1.16935,1.16941,1.16937,-1
20170817  09:06:00,1.16941,1.16937,1.16956,1.16954,1.16929,1.16926,1.16956,1.16954,-1
20170817  09:07:00,1.16956,1.16954,1.16982,1.1698,1.16953,1.1695,1.1697,1.16968,-1
20170817  09:08:00,1.1697,1.16968,1.16985,1.16984,1.16957,1.16956,1.16983,1.16982,-1
20170817  09:09:00,1.16983,1.16982,1.16992,1.16991,1.16971,1.16969,1.16992,1.16991,-1
20170817  09:10:00,1.16992,1.16991,1.16996,1.16994,1.16976,1.16974,1.16993,1.16989,-1
20170817  09:11:00,1.16993,1.16989,1.17001,1.17,1.16982,1.1698,1.16991,1.16989,-1
20170817  09:12:00,1.16991,1.16989,1.16999,1.16997,1.16974,1.16972,1.16999,1.16997,-1
20170817  09:13:00,1.16999,1.16997,1.17036,1.17035,1.16998,1.16997,1.17032,1.17031,-1
20170817  09:14:00,1.17032,1.17031,1.17034,1.17033,1.17011,1.17009,1.17018,1.17016,-1
20170817  09:15:00,1.17018,1.17016,1.17027,1.17025,1.16986,1.16984,1.1701,1.17007,-1
20170817  09:16:00,1.1701,1.17007,1.1703,1.17028,1.17001,1.16998,1.17012,1.17011,-1
20170817  09:17:00,1.17012,1.17011,1.17059,1.17057,1.17012,1.17011,1.17044,1.17042,-1
20170817  09:18:00,1.17044,1.17042,1.17081,1.1708,1.17041,1.1704,1.17059,1.17058,-1
20170817  09:19:00,1.17059,1.17058,1.17065,1.17064,1.17047,1.17046,1.17063,1.17062,-1
20170817  09:20:00,1.17063,1.17062,1.17067,1.17065,1.17043,1.17042,1.17049,1.17048,-1
20170817  09:21:00,1.17049,1.17048,1.17097,1.17095,1.17047,1.17046,1.17084,1.17082,-1
20170817  09:22:00,1.17084,1.17082,1.17088,1.17086,1.17074,1.17073,1.17081,1.1708,-1
20170817  09:23:00,1.17081,1.1708,1.17087,1.17085,1.17078,1.17074,1.17087,1.17085,-1
20170817  09:24:00,1.17087,1.17085,1.17108,1.17107,1.17087,1.17084,1.17107,1.17106,-1
20170817  09:25:00,1.17107,1.17106,1.1718,1.17179,1.17107,1.17103,1.17153,1.17152,-1
20170817  09:26:00,1.17153,1.17152,1.17154,1.17152,1.17127,1.17125,1.17137,1.17135,-1
20170817  09:27:00,1.17137,1.17135,1.17141,1.17137,1.17126,1.17125,1.17136,1.17135,-1
20170817  09:28:00,1.17136,1.17135,1.1719,1.17189,1.17128,1.17126,1.17188,1.17187,-1
20170817  09:29:00,1.17188,1.17187,1.17201,1.172,1.17173,1.17171,1.17179,1.17177,-1
20170817  09:30:00,1.17179,1.17177,1.1719,1.17188,1.1717,1.17169,1.17178,1.17176,-1
20170817  09:31:00,1.17178,1.17176,1.17185,1.17184,1.17155,1.17154,1.17182,1.17181,-1
20170817  09:32:00,1.17182,1.17181,1.17185,1.17184,1.17159,1.17158,1.17163,1.1716,-1
20170817  09:33:00,1.17163,1.1716,1.17186,1.17185,1.17162,1.1716,1.17163,1.17162,-1
20170817  09:34:00,1.17163,1.17162,1.17167,1.17165,1.17148,1.17147,1.17152,1.17149,-1
20170817  09:35:00,1.17152,1.17149,1.17163,1.17162,1.17146,1.17144,1.17155,1.17153,-1
20170817  09:36:00,1.17155,1.17153,1.17166,1.17163,1.17138,1.17135,1.17138,1.17136,-1
20170817  09:37:00,1.17138,1.17136,1.1714,1.17138,1.17131,1.17129,1.17136,1.17134,-1
20170817  09:38:00,1.17136,1.17134,1.17141,1.1714,1.17125,1.17123,1.1714,1.17139,-1
20170817  09:39:00,1.1714,1.17139,1.1717,1.17168,1.1714,1.17139,1.17153,1.17151,-1
20170817  09:40:00,1.17153,1.17151,1.17156,1.17154,1.17132,1.1713,1.17142,1.1714,-1
20170817  09:41:00,1.17142,1.1714,1.17153,1.17152,1.17122,1.17119,1.17125,1.17124,-1
20170817  09:42:00,1.17125,1.17124,1.17132,1.1713,1.17116,1.17115,1.17122,1.17121,-1
20170817  09:43:00,1.17122,1.17121,1.17133,1.1713,1.17115,1.17114,1.17132,1.17129,-1
20170817  09:44:00,1.17132,1.17129,1.17137,1.17134,1.17116,1.17115,1.17125,1.17124,-1
20170817  09:45:00,1.17125,1.17124,1.17131,1.1713,1.17117,1.17115,1.17125,1.17124,-1
20170817  09:46:00,1.17125,1.17124,1.17161,1.1716,1.17124,1.17123,1.17158,1.17156,-1
20170817  09:47:00,1.17158,1.17156,1.17173,1.17172,1.17155,1.17154,1.17159,1.17156,-1
20170817  09:48:00,1.17159,1.17156,1.17184,1.17182,1.17159,1.17156,1.1718,1.17179,-1
20170817  09:49:00,1.1718,1.17179,1.17182,1.1718,1.17166,1.17164,1.17172,1.1717,-1
20170817  09:50:00,1.17172,1.1717,1.17175,1.17174,1.17152,1.17151,1.1717,1.17168,-1
20170817  09:51:00,1.1717,1.17168,1.1718,1.17179,1.17157,1.17155,1.17169,1.17168,-1
20170817  09:52:00,1.17169,1.17168,1.17178,1.17177,1.17155,1.17154,1.1716,1.17159,-1
20170817  09:53:00,1.1716,1.17159,1.17167,1.17165,1.17152,1.1715,1.17153,1.1715,-1
20170817  09:54:00,1.17153,1.1715,1.17166,1.17165,1.17151,1.1715,1.1716,1.17158,-1
20170817  09:55:00,1.1716,1.17158,1.17166,1.17165,1.17156,1.17154,1.17157,1.17156,-1
20170817  09:56:00,1.17157,1.17156,1.17169,1.17168,1.17151,1.1715,1.17168,1.17165,-1
20170817  09:57:00,1.17168,1.17165,1.17169,1.17167,1.17156,1.17155,1.17166,1.17165,-1
20170817  09:58:00,1.17166,1.17165,1.1725,1.17249,1.17166,1.17165,1.17241,1.17239,-1
20170817  09:59:00,1.17241,1.17239,1.1729,1.17288,1.1721,1.17208,1.17276,1.17274,-1
20170817  10:00:00,1.17276,1.17274,1.17293,1.17292,1.17241,1.17238,1.1728,1.17279,-1
20170817  10:01:00,1.1728,1.17279,1.17432,1.1743,1.17258,1.17257,1.17399,1.17397,-1
20170817  10:02:00,1.17399,1.17397,1.17432,1.1743,1.17345,1.17344,1.17406,1.17405,-1
20170817  10:03:00,1.17406,1.17405,1.17419,1.17418,1.17337,1.17335,1.17339,1.17338,-1
20170817  10:04:00,1.17339,1.17338,1.17355,1.17354,1.17308,1.17307,1.17343,1.17341,-1
20170817  10:05:00,1.17343,1.17341,1.17348,1.17347,1.17305,1.17304,1.1731,1.17309,-1
20170817  10:06:00,1.1731,1.17309,1.17329,1.17328,1.17286,1.17284,1.17329,1.17328,-1
20170817  10:07:00,1.17329,1.17328,1.17349,1.17348,1.17299,1.17296,1.17342,1.17339,-1
20170817  10:08:00,1.17342,1.17339,1.17374,1.17372,1.17329,1.17328,1.17374,1.17372,-1
20170817  10:09:00,1.17374,1.17372,1.17377,1.17374,1.17346,1.17344,1.17365,1.17363,-1
20170817  10:10:00,1.17365,1.17363,1.17365,1.17363,1.17328,1.17327,1.17338,1.17336,-1
20170817  10:11:00,1.17338,1.17336,1.17351,1.17349,1.17327,1.17326,1.17345,1.17344,-1
20170817  10:12:00,1.17345,1.17344,1.17366,1.17365,1.17325,1.17323,1.17336,1.17335,-1
20170817  10:13:00,1.17336,1.17335,1.17356,1.17353,1.1732,1.17319,1.17336,1.17334,-1
20170817  10:14:00,1.17336,1.17334,1.17386,1.17384,1.17335,1.17334,1.17362,1.1736,-1
20170817  10:15:00,1.17362,1.1736,1.17421,1.17419,1.17359,1.17358,1.17421,1.17419,-1
20170817  10:16:00,1.17421,1.17419,1.17477,1.17475,1.17394,1.17393,1.17394,1.17393,-1
20170817  10:17:00,1.17394,1.17393,1.17403,1.174,1.1735,1.17349,1.17351,1.17349,-1
20170817  10:18:00,1.17351,1.17349,1.17365,1.17363,1.17333,1.17332,1.17347,1.17346,-1
20170817  10:19:00,1.17347,1.17346,1.17359,1.17358,1.17342,1.1734,1.17353,1.17352,-1
20170817  10:20:00,1.17353,1.17352,1.17405,1.17404,1.17352,1.17349,1.17359,1.17357,-1
20170817  10:21:00,1.17359,1.17357,1.17362,1.1736,1.17342,1.17341,1.17342,1.17341,-1
20170817  10:22:00,1.17342,1.17341,1.17368,1.17366,1.17322,1.17321,1.17343,1.17341,-1
20170817  10:23:00,1.17343,1.17341,1.17359,1.17357,1.17334,1.17332,1.17344,1.17343,-1
20170817  10:24:00,1.17344,1.17343,1.17362,1.1736,1.1732,1.17317,1.1733,1.17329,-1
20170817  10:25:00,1.1733,1.17329,1.17346,1.17345,1.17298,1.17296,1.1731,1.17309,-1
20170817  10:26:00,1.1731,1.17309,1.17342,1.1734,1.17308,1.17307,1.1734,1.17339,-1
20170817  10:27:00,1.1734,1.17339,1.17342,1.1734,1.17312,1.1731,1.17314,1.17312,-1
20170817  10:28:00,1.17314,1.17312,1.17318,1.17317,1.17298,1.17297,1.17298,1.17297,-1
20170817  10:29:00,1.17298,1.17297,1.17315,1.17312,1.17298,1.17295,1.1731,1.17308,-1
20170817  10:30:00,1.1731,1.17308,1.17321,1.17319,1.17201,1.172,1.17245,1.17244,-1
20170817  10:31:00,1.17245,1.17244,1.17275,1.17272,1.1722,1.17219,1.17221,1.17219,-1
20170817  10:32:00,1.17221,1.17219,1.17241,1.17239,1.17219,1.17216,1.17233,1.17232,-1
20170817  10:33:00,1.17233,1.17232,1.17246,1.17243,1.17201,1.17199,1.17239,1.17237,-1
20170817  10:34:00,1.17239,1.17237,1.17242,1.17241,1.17148,1.17147,1.17164,1.17163,-1
20170817  10:35:00,1.17164,1.17163,1.17223,1.17222,1.1716,1.17159,1.17178,1.17177,-1
20170817  10:36:00,1.17178,1.17177,1.17203,1.172,1.1716,1.17155,1.17194,1.17193,-1
20170817  10:37:00,1.17194,1.17193,1.17208,1.17206,1.17182,1.1718,1.17194,1.17193,-1
20170817  10:38:00,1.17194,1.17193,1.17211,1.17209,1.17184,1.17183,1.17211,1.17209,-1
20170817  10:39:00,1.17211,1.17209,1.17249,1.17248,1.17197,1.17196,1.17245,1.17244,-1
20170817  10:40:00,1.17245,1.17244,1.17256,1.17253,1.17221,1.1722,1.17248,1.17244,-1
20170817  10:41:00,1.17248,1.17244,1.17313,1.17311,1.17241,1.17239,1.17285,1.17283,-1
20170817  10:42:00,1.17285,1.17283,1.17291,1.17288,1.17261,1.17259,1.17282,1.17281,-1
20170817  10:43:00,1.17282,1.17281,1.17294,1.17293,1.17272,1.1727,1.17278,1.17276,-1
20170817  10:44:00,1.17278,1.17276,1.17346,1.17344,1.17278,1.17276,1.17326,1.17325,-1
20170817  10:45:00,1.17326,1.17325,1.17326,1.17325,1.17296,1.17295,1.17303,1.17301,-1
20170817  10:46:00,1.17303,1.17301,1.17333,1.17331,1.17289,1.17288,1.17315,1.17314,-1
20170817  10:47:00,1.17315,1.17314,1.17347,1.17345,1.17299,1.17295,1.17301,1.173,-1
20170817  10:48:00,1.17301,1.173,1.17335,1.17332,1.17292,1.17291,1.17331,1.1733,-1
20170817  10:49:00,1.17331,1.1733,1.17336,1.17335,1.17291,1.1729,1.17293,1.17292,-1
20170817  10:50:00,1.17293,1.17292,1.17351,1.17349,1.17293,1.17291,1.1735,1.17349,-1
20170817  10:51:00,1.1735,1.17349,1.17394,1.17392,1.17328,1.17327,1.17366,1.17365,-1
20170817  10:52:00,1.17366,1.17365,1.17386,1.17384,1.17363,1.17361,1.17368,1.17367,-1
20170817  10:53:00,1.17368,1.17367,1.17377,1.17376,1.17362,1.17361,1.1737,1.17367,-1
20170817  10:54:00,1.1737,1.17367,1.174,1.17399,1.17362,1.17361,1.17391,1.17389,-1
20170817  10:55:00,1.17391,1.17389,1.17474,1.1747,1.17386,1.17383,1.17434,1.17433,-1
20170817  10:56:00,1.17434,1.17433,1.17435,1.17434,1.17375,1.17374,1.17392,1.17391,-1
20170817  10:57:00,1.17392,1.17391,1.17415,1.17413,1.17355,1.17353,1.1741,1.17409,-1
20170817  10:58:00,1.1741,1.17409,1.17462,1.17461,1.1741,1.17409,1.17449,1.17448,-1
20170817  10:59:00,1.17449,1.17448,1.17468,1.17467,1.17447,1.17445,1.17453,1.17451,-1
20170817  11:00:00,1.17453,1.17451,1.17457,1.17456,1.17391,1.17389,1.17414,1.17413,-1
20170817  11:01:00,1.17414,1.17413,1.17439,1.17437,1.174,1.17398,1.17401,1.17398,-1
20170817  11:02:00,1.17401,1.17398,1.17401,1.17398,1.17342,1.17341,1.1736,1.17358,-1
20170817  11:03:00,1.1736,1.17358,1.17374,1.17373,1.17346,1.17344,1.1735,1.17349,-1
20170817  11:04:00,1.1735,1.17349,1.1736,1.17358,1.1734,1.17335,1.17344,1.17342,-1
20170817  11:05:00,1.17344,1.17342,1.17364,1.17363,1.17322,1.17321,1.17333,1.17332,-1
20170817  11:06:00,1.17333,1.17332,1.17354,1.17353,1.17331,1.1733,1.17345,1.17343,-1
20170817  11:07:00,1.17345,1.17343,1.17354,1.17351,1.17327,1.17326,1.17353,1.17351,-1
20170817  11:08:00,1.17353,1.17351,1.17357,1.17356,1.17329,1.17325,1.17343,1.1734,-1
20170817  11:09:00,1.17343,1.1734,1.17361,1.1736,1.17337,1.17335,1.17342,1.1734,-1
20170817  11:10:00,1.17342,1.1734,1.17353,1.17352,1.17321,1.17319,1.17325,1.17323,-1
20170817  11:11:00,1.17325,1.17323,1.17333,1.1733,1.17321,1.1732,1.17326,1.17325,-1
20170817  11:12:00,1.17326,1.17325,1.17353,1.17351,1.17324,1.17322,1.17353,1.17351,-1
20170817  11:13:00,1.17353,1.17351,1.17396,1.17393,1.17351,1.17349,1.17383,1.1738,-1
20170817  11:14:00,1.17383,1.1738,1.17401,1.17398,1.17379,1.17378,1.17394,1.17391,-1
20170817  11:15:00,1.17394,1.17391,1.17398,1.17395,1.1739,1.17389,1.17393,1.17391,-1
20170817  11:16:00,1.17393,1.17391,1.17415,1.17414,1.17393,1.17391,1.17405,1.17402,-1
20170817  11:17:00,1.17405,1.17402,1.17407,1.17406,1.17391,1.17389,1.17392,1.17389,-1
20170817  11:18:00,1.17392,1.17389,1.17394,1.17393,1.1738,1.17378,1.17384,1.17381,-1
20170817  11:19:00,1.17384,1.17381,1.17397,1.17393,1.17381,1.17379,1.17387,1.17384,-1
20170817  11:20:00,1.17387,1.17384,1.17388,1.17387,1.17375,1.17373,1.17377,1.17375,-1
20170817  11:21:00,1.17377,1.17375,1.17383,1.17381,1.17373,1.1737,1.17373,1.17371,-1
20170817  11:22:00,1.17373,1.17371,1.17378,1.17375,1.17366,1.17365,1.17368,1.17365,-1
20170817  11:23:00,1.17368,1.17365,1.17377,1.17374,1.17361,1.1736,1.17373,1.17371,-1
20170817  11:24:00,1.17373,1.17371,1.17386,1.17384,1.1737,1.17369,1.17374,1.17372,-1
20170817  11:25:00,1.17374,1.17372,1.17414,1.17411,1.17371,1.1737,1.17414,1.17411,-1
20170817  11:26:00,1.17414,1.17411,1.1743,1.17425,1.17412,1.1741,1.17423,1.17421,-1
20170817  11:27:00,1.17423,1.17421,1.17424,1.17423,1.17417,1.17415,1.17422,1.1742,-1
20170817  11:28:00,1.17422,1.1742,1.17439,1.17437,1.17412,1.17409,1.17417,1.17415,-1
20170817  11:29:00,1.17417,1.17415,1.17434,1.17433,1.17413,1.17411,1.17417,1.17414,-1
20170817  11:30:00,1.17417,1.17414,1.1743,1.17428,1.17412,1.1741,1.17412,1.17411,-1
20170817  11:31:00,1.17412,1.17411,1.17417,1.17414,1.17401,1.17399,1.17412,1.1741,-1
20170817  11:32:00,1.17412,1.1741,1.17417,1.17415,1.17407,1.17405,1.17412,1.17411,-1
20170817  11:33:00,1.17412,1.17411,1.17428,1.17426,1.17412,1.17409,1.17428,1.17426,-1
20170817  11:34:00,1.17428,1.17426,1.17438,1.17436,1.17424,1.17423,1.17427,1.17424,-1
20170817  11:35:00,1.17427,1.17424,1.17427,1.17425,1.17386,1.17382,1.17386,1.17383,-1
20170817  11:36:00,1.17386,1.17383,1.17398,1.17397,1.17386,1.17382,1.17392,1.17389,-1
20170817  11:37:00,1.17392,1.17389,1.17392,1.17389,1.17386,1.17385,1.17388,1.17386,-1
20170817  11:38:00,1.17388,1.17386,1.17396,1.17395,1.17387,1.17386,1.17388,1.17387,-1
20170817  11:39:00,1.17388,1.17387,1.17396,1.17395,1.17381,1.1738,1.17387,1.17384,-1
20170817  11:40:00,1.17387,1.17384,1.17388,1.17386,1.17382,1.1738,1.17383,1.1738,-1
20170817  11:41:00,1.17383,1.1738,1.17386,1.17383,1.17379,1.17377,1.1738,1.17377,-1
20170817  11:42:00,1.1738,1.17377,1.17396,1.17393,1.1738,1.17375,1.17391,1.1739,-1
20170817  11:43:00,1.17391,1.1739,1.17393,1.17391,1.17386,1.17383,1.17386,1.17384,-1
20170817  11:44:00,1.17386,1.17384,1.17395,1.17393,1.17381,1.1738,1.17382,1.1738,-1
20170817  11:45:00,1.17382,1.1738,1.17398,1.17396,1.17379,1.17377,1.17395,1.17393,-1
20170817  11:46:00,1.17395,1.17393,1.17403,1.17402,1.17387,1.17385,1.17397,1.17395,-1
20170817  11:47:00,1.17397,1.17395,1.17399,1.17398,1.17393,1.17391,1.17399,1.17398,-1
20170817  11:48:00,1.17399,1.17398,1.17406,1.17405,1.17395,1.17393,1.17398,1.17396,-1
20170817  11:49:00,1.17398,1.17396,1.17414,1.17411,1.17398,1.17396,1.17403,1.17401,-1
20170817  11:50:00,1.17403,1.17401,1.17413,1.17411,1.17403,1.17401,1.17407,1.17404,-1
20170817  11:51:00,1.17407,1.17404,1.17425,1.17423,1.17406,1.17404,1.17422,1.17421,-1
20170817  11:52:00,1.17422,1.17421,1.17432,1.17431,1.17421,1.17418,1.17428,1.17426,-1
20170817  11:53:00,1.17428,1.17426,1.1744,1.17439,1.17416,1.17415,1.17418,1.17415,-1
20170817  11:54:00,1.17418,1.17415,1.17424,1.17421,1.17399,1.17397,1.17403,1.17399,-1
20170817  11:55:00,1.17403,1.17399,1.17403,1.174,1.17375,1.17374,1.17375,1.17374,-1
20170817  11:56:00,1.17375,1.17374,1.17387,1.17386,1.17346,1.17345,1.17347,1.17346,-1
20170817  11:57:00,1.17347,1.17346,1.17352,1.17351,1.17338,1.17336,1.17348,1.17347,-1
20170817  11:58:00,1.17348,1.17347,1.17368,1.17365,1.17347,1.17346,1.17359,1.17357,-1
20170817  11:59:00,1.17359,1.17357,1.17368,1.17365,1.17345,1.17344,1.17354,1.17353,-1
20170817  12:00:00,1.17354,1.17353,1.17365,1.17363,1.17342,1.1734,1.17355,1.17353,-1
20170817  12:01:00,1.17355,1.17353,1.17363,1.17361,1.17338,1.17336,1.17338,1.17336,-1
20170817  12:02:00,1.17338,1.17336,1.17346,1.17345,1.17327,1.17326,1.17327,1.17326,-1
20170817  12:03:00,1.17327,1.17326,1.17339,1.17338,1.17324,1.17322,1.17338,1.17335,-1
20170817  12:04:00,1.17338,1.17335,1.17338,1.17335,1.17325,1.17323,1.17328,1.17326,-1
20170817  12:05:00,1.17328,1.17326,1.17343,1.17342,1.17328,1.17326,1.17342,1.17341,-1
20170817  12:06:00,1.17342,1.17341,1.17364,1.17362,1.17342,1.17341,1.17359,1.17356,-1
20170817  12:07:00,1.17359,1.17356,1.17373,1.17371,1.17356,1.17355,1.17373,1.17371,-1
20170817  12:08:00,1.17373,1.17371,1.17399,1.17398,1.17373,1.17371,1.17395,1.17393,-1
20170817  12:09:00,1.17395,1.17393,1.17408,1.17406,1.17388,1.17387,1.17408,1.17406,-1
20170817  12:10:00,1.17408,1.17406,1.17425,1.17424,1.17401,1.174,1.17423,1.17421,-1
20170817  12:11:00,1.17423,1.17421,1.17425,1.17423,1.17407,1.17406,1.17418,1.17417,-1
20170817  12:12:00,1.17418,1.17417,1.17421,1.1742,1.17412,1.17411,1.17416,1.17415,-1
20170817  12:13:00,1.17416,1.17415,1.17428,1.17426,1.17408,1.17407,1.17421,1.17419,-1
20170817  12:14:00,1.17421,1.17419,1.17421,1.17419,1.17403,1.174,1.17403,1.17402,-1
20170817  12:15:00,1.17403,1.17402,1.17425,1.17422,1.17403,1.17401,1.17418,1.17416,-1
20170817  12:16:00,1.17418,1.17416,1.17429,1.17426,1.17418,1.17415,1.17424,1.17421,-1
20170817  12:17:00,1.17424,1.17421,1.17424,1.17421,1.17403,1.17402,1.17405,1.17402,-1
20170817  12:18:00,1.17405,1.17402,1.17409,1.17407,1.17399,1.17398,1.17403,1.17401,-1
20170817  12:19:00,1.17403,1.17401,1.17405,1.17404,1.17401,1.174,1.17403,1.174,-1
20170817  12:20:00,1.17403,1.174,1.17418,1.17415,1.17399,1.17397,1.17405,1.17402,-1
20170817  12:21:00,1.17405,1.17402,1.17417,1.17415,1.17403,1.174,1.17413,1.17411,-1
20170817  12:22:00,1.17413,1.17411,1.17418,1.17417,1.17403,1.17401,1.17413,1.17411,-1
20170817  12:23:00,1.17413,1.17411,1.17416,1.17414,1.17412,1.17408,1.17414,1.17411,-1
20170817  12:24:00,1.17414,1.17411,1.17424,1.17421,1.17414,1.1741,1.17423,1.1742,-1
20170817  12:25:00,1.17423,1.1742,1.17438,1.17436,1.17412,1.1741,1.17413,1.1741,-1
20170817  12:26:00,1.17413,1.1741,1.17414,1.17411,1.17406,1.17404,1.17408,1.17405,-1
20170817  12:27:00,1.17408,1.17405,1.17409,1.17408,1.17394,1.17392,1.17406,1.17405,-1
20170817  12:28:00,1.17406,1.17405,1.17419,1.17417,1.17403,1.17401,1.17417,1.17415,-1
20170817  12:29:00,1.17417,1.17415,1.17433,1.17431,1.17417,1.17415,1.17419,1.17417,-1
20170817  12:30:00,1.17419,1.17417,1.17421,1.1742,1.17403,1.174,1.17407,1.17405,-1
20170817  12:31:00,1.17407,1.17405,1.17429,1.17427,1.17406,1.17404,1.17428,1.17426,-1
20170817  12:32:00,1.17428,1.17426,1.17438,1.17437,1.17426,1.17424,1.17434,1.17432,-1
20170817  12:33:00,1.17434,1.17432,1.17442,1.17441,1.17413,1.17411,1.17414,1.17413,-1
20170817  12:34:00,1.17414,1.17413,1.17429,1.17428,1.17412,1.17411,1.17428,1.17426,-1
20170817  12:35:00,1.17428,1.17426,1.17442,1.1744,1.17423,1.17421,1.17429,1.17427,-1
20170817  12:36:00,1.17429,1.17427,1.17442,1.17441,1.17427,1.17425,1.17438,1.17436,-1
20170817  12:37:00,1.17438,1.17436,1.17453,1.17451,1.17438,1.17436,1.17453,1.17451,-1
20170817  12:38:00,1.17453,1.17451,1.17465,1.17463,1.17452,1.17451,1.17459,1.17457,-1
20170817  12:39:00,1.17459,1.17457,1.1747,1.17467,1.17451,1.17448,1.17452,1.1745,-1
20170817  12:40:00,1.17452,1.1745,1.17467,1.17462,1.17452,1.1745,1.17462,1.17461,-1
20170817  12:41:00,1.17462,1.17461,1.17462,1.17461,1.1744,1.17437,1.17444,1.17442,-1
20170817  12:42:00,1.17444,1.17442,1.17449,1.17446,1.17434,1.17433,1.17445,1.17442,-1
20170817  12:43:00,1.17445,1.17442,1.17465,1.17463,1.17445,1.17442,1.17447,1.17445,-1
20170817  12:44:00,1.17447,1.17445,1.1747,1.17468,1.17447,1.17445,1.17468,1.17466,-1
20170817  12:45:00,1.17468,1.17466,1.17541,1.17539,1.17468,1.17466,1.17507,1.17505,-1
20170817  12:46:00,1.17507,1.17505,1.17519,1.17516,1.17502,1.175,1.17508,1.17506,-1
20170817  12:47:00,1.17508,1.17506,1.17511,1.1751,1.17496,1.17494,1.17498,1.17497,-1
20170817  12:48:00,1.17498,1.17497,1.17505,1.17502,1.17482,1.17478,1.17485,1.17483,-1
20170817  12:49:00,1.17485,1.17483,1.17485,1.17483,1.17465,1.17464,1.17465,1.17464,-1
20170817  12:50:00,1.17465,1.17464,1.17491,1.17489,1.17465,1.17464,1.17488,1.17486,-1
20170817  12:51:00,1.17488,1.17486,1.17493,1.17492,1.1748,1.17478,1.17482,1.1748,-1
20170817  12:52:00,1.17482,1.1748,1.17488,1.17486,1.17475,1.17472,1.17488,1.17486,-1
20170817  12:53:00,1.17488,1.17486,1.17493,1.17492,1.17456,1.17454,1.1746,1.17458,-1
20170817  12:54:00,1.1746,1.17458,1.17484,1.17483,1.17458,1.17457,1.17473,1.17471,-1
20170817  12:55:00,1.17473,1.17471,1.17477,1.17475,1.17456,1.17455,1.17457,1.17455,-1
20170817  12:56:00,1.17457,1.17455,1.17457,1.17455,1.17429,1.17426,1.17429,1.17427,-1
20170817  12:57:00,1.17429,1.17427,1.17436,1.17434,1.17421,1.17419,1.17421,1.17419,-1
20170817  12:58:00,1.17421,1.17419,1.17424,1.17423,1.17406,1.17405,1.17408,1.17407,-1
20170817  12:59:00,1.17408,1.17407,1.17419,1.17418,1.17408,1.17405,1.17413,1.17411,-1
20170817  13:00:00,1.17413,1.17411,1.17426,1.17424,1.17412,1.17411,1.17419,1.17418,-1
20170817  13:01:00,1.17419,1.17418,1.1743,1.17428,1.17414,1.17413,1.17423,1.17422,-1
20170817  13:02:00,1.17423,1.17422,1.17442,1.1744,1.17422,1.17421,1.17434,1.17432,-1
20170817  13:03:00,1.17434,1.17432,1.17447,1.17444,1.17429,1.17427,1.1743,1.17428,-1
20170817  13:04:00,1.1743,1.17428,1.17438,1.17435,1.17429,1.17426,1.17429,1.17426,-1
20170817  13:05:00,1.17429,1.17426,1.17438,1.17435,1.17424,1.17421,1.17432,1.1743,-1
20170817  13:06:00,1.17432,1.1743,1.17435,1.17433,1.17427,1.17425,1.17427,1.17425,-1
20170817  13:07:00,1.17427,1.17425,1.17448,1.17445,1.17427,1.17424,1.17445,1.17441,-1
20170817  13:08:00,1.17445,1.17441,1.17467,1.17465,1.17442,1.17441,1.17443,1.17441,-1
20170817  13:09:00,1.17443,1.17441,1.17448,1.17446,1.17438,1.17435,1.17448,1.17446,-1
20170817  13:10:00,1.17448,1.17446,1.17478,1.17476,1.17447,1.17446,1.17473,1.17471,-1
20170817  13:11:00,1.17473,1.17471,1.1748,1.17479,1.17472,1.1747,1.1748,1.17477,-1
20170817  13:12:00,1.1748,1.17477,1.17488,1.17485,1.17478,1.17475,1.17483,1.1748,-1
20170817  13:13:00,1.17483,1.1748,1.17483,1.1748,1.17447,1.17446,1.17457,1.17454,-1
20170817  13:14:00,1.17457,1.17454,1.17469,1.17468,1.17453,1.17451,1.17469,1.17467,-1
20170817  13:15:00,1.17469,1.17467,1.17484,1.17481,1.17465,1.17463,1.17466,1.17464,-1
20170817  13:16:00,1.17466,1.17464,1.17466,1.17464,1.17442,1.1744,1.17444,1.17442,-1
20170817  13:17:00,1.17444,1.17442,1.17449,1.17446,1.17442,1.17439,1.17447,1.17444,-1
20170817  13:18:00,1.17447,1.17444,1.17447,1.17444,1.17427,1.17425,1.17432,1.17431,-1
20170817  13:19:00,1.17432,1.17431,1.17438,1.17436,1.1743,1.17428,1.17436,1.17434,-1
20170817  13:20:00,1.17436,1.17434,1.17446,1.17441,1.17422,1.17421,1.17446,1.17441,-1
20170817  13:21:00,1.17446,1.17441,1.17454,1.17452,1.17436,1.17435,1.17438,1.17435,-1
20170817  13:22:00,1.17438,1.17435,1.17443,1.17441,1.17435,1.17433,1.17435,1.17434,-1
20170817  13:23:00,1.17435,1.17434,1.17444,1.17442,1.17425,1.17424,1.17443,1.17441,-1
20170817  13:24:00,1.17443,1.17441,1.17456,1.17455,1.17433,1.17432,1.17454,1.17453,-1
20170817  13:25:00,1.17454,1.17453,1.17456,1.17453,1.17436,1.17435,1.17436,1.17435,-1
20170817  13:26:00,1.17436,1.17435,1.17465,1.17462,1.17432,1.1743,1.17463,1.1746,-1
20170817  13:27:00,1.17463,1.1746,1.17482,1.17478,1.17461,1.1746,1.17469,1.17467,-1
20170817  13:28:00,1.17469,1.17467,1.17519,1.17518,1.17469,1.17467,1.17498,1.17495,-1
20170817  13:29:00,1.17498,1.17495,1.17506,1.17503,1.17498,1.17495,1.175,1.17498,-1
20170817  13:30:00,1.175,1.17498,1.17503,1.17501,1.17489,1.17488,1.17495,1.17492,-1
20170817  13:31:00,1.17495,1.17492,1.175,1.17497,1.17491,1.17488,1.17493,1.1749,-1
20170817  13:32:00,1.17493,1.1749,1.175,1.17499,1.17454,1.17453,1.1747,1.17467,-1
20170817  13:33:00,1.1747,1.17467,1.17473,1.17471,1.17443,1.17441,1.17454,1.17451,-1
20170817  13:34:00,1.17454,1.17451,1.17477,1.17476,1.17451,1.17449,1.17473,1.17471,-1
20170817  13:35:00,1.17473,1.17471,1.17478,1.17475,1.17456,1.17454,1.17456,1.17455,-1
20170817  13:36:00,1.17456,1.17455,1.17457,1.17456,1.17426,1.17425,1.17432,1.17431,-1
20170817  13:37:00,1.17432,1.17431,1.17435,1.17433,1.17422,1.17421,1.17431,1.17428,-1
20170817  13:38:00,1.17431,1.17428,1.17448,1.17446,1.17425,1.17423,1.17447,1.17444,-1
20170817  13:39:00,1.17447,1.17444,1.1745,1.17446,1.17439,1.17437,1.17447,1.17444,-1
20170817  13:40:00,1.17447,1.17444,1.17472,1.17469,1.1744,1.17439,1.17441,1.1744,-1
20170817  13:41:00,1.17441,1.1744,1.17443,1.17442,1.17432,1.1743,1.17434,1.17433,-1
20170817  13:42:00,1.17434,1.17433,1.17447,1.17445,1.17426,1.17425,1.1743,1.17428,-1
20170817  13:43:00,1.1743,1.17428,1.17435,1.17434,1.17419,1.17416,1.17421,1.17418,-1
20170817  13:44:00,1.17421,1.17418,1.1743,1.17425,1.17413,1.17411,1.17426,1.17423,-1
20170817  13:45:00,1.17426,1.17423,1.17442,1.17437,1.17421,1.17419,1.17421,1.17419,-1
20170817  13:46:00,1.17421,1.17419,1.17427,1.17425,1.17421,1.17419,1.17427,1.17425,-1
20170817  13:47:00,1.17427,1.17425,1.17432,1.17428,1.17422,1.17419,1.17431,1.17428,-1
20170817  13:48:00,1.17431,1.17428,1.17444,1.17442,1.1743,1.17427,1.17438,1.17434,-1
20170817  13:49:00,1.17438,1.17434,1.17438,1.17434,1.17428,1.17425,1.17429,1.17426,-1
20170817  13:50:00,1.17429,1.17426,1.17432,1.17428,1.17422,1.17419,1.17425,1.17424,-1
20170817  13:51:00,1.17425,1.17424,1.17429,1.17427,1.17421,1.1742,1.17428,1.17426,-1
20170817  13:52:00,1.17428,1.17426,1.17447,1.17443,1.17426,1.17424,1.17441,1.17439,-1
20170817  13:53:00,1.17441,1.17439,1.17444,1.17442,1.17438,1.17434,1.17441,1.17439,-1
20170817  13:54:00,1.17441,1.17439,1.17441,1.17439,1.17424,1.17422,1.17433,1.17428,-1
20170817  13:55:00,1.17433,1.17428,1.17436,1.17433,1.17396,1.17393,1.17396,1.17395,-1
20170817  13:56:00,1.17396,1.17395,1.1741,1.17408,1.17389,1.17388,1.17406,1.17405,-1
20170817  13:57:00,1.17406,1.17405,1.17412,1.1741,1.174,1.17399,1.17405,1.17404,-1
20170817  13:58:00,1.17405,1.17404,1.17416,1.17414,1.17401,1.174,1.17412,1.1741,-1
20170817  13:59:00,1.17412,1.1741,1.17418,1.17415,1.17403,1.17399,1.17415,1.17411,-1
20170817  14:00:00,1.17415,1.17411,1.17425,1.17423,1.17412,1.17409,1.17417,1.17416,-1
20170817  14:01:00,1.17417,1.17416,1.17423,1.17421,1.17412,1.1741,1.17413,1.17411,-1
20170817  14:02:00,1.17413,1.17411,1.17425,1.17424,1.17413,1.17411,1.17424,1.17423,-1
20170817  14:03:00,1.17424,1.17423,1.17452,1.17449,1.17424,1.17423,1.17451,1.17449,-1
20170817  14:04:00,1.17451,1.17449,1.1746,1.17459,1.17448,1.17446,1.17454,1.17451,-1
20170817  14:05:00,1.17454,1.17451,1.17456,1.17453,1.17445,1.17444,1.17447,1.17444,-1
20170817  14:06:00,1.17447,1.17444,1.17447,1.17444,1.17431,1.17428,1.17436,1.17434,-1
20170817  14:07:00,1.17436,1.17434,1.17441,1.1744,1.17431,1.17428,1.17433,1.17431,-1
20170817  14:08:00,1.17433,1.17431,1.17441,1.17439,1.17427,1.17426,1.17434,1.17431,-1
20170817  14:09:00,1.17434,1.17431,1.17436,1.17434,1.17421,1.17419,1.17423,1.17422,-1
20170817  14:10:00,1.17423,1.17422,1.17424,1.17422,1.17405,1.174,1.17417,1.17414,-1
20170817  14:11:00,1.17417,1.17414,1.17417,1.17414,1.17408,1.17407,1.17413,1.1741,-1
20170817  14:12:00,1.17413,1.1741,1.17424,1.17423,1.17413,1.1741,1.17419,1.17418,-1
20170817  14:13:00,1.17419,1.17418,1.1743,1.17428,1.17418,1.17416,1.17426,1.17424,-1
20170817  14:14:00,1.17426,1.17424,1.17442,1.1744,1.17426,1.17424,1.17432,1.1743,-1
20170817  14:15:00,1.17432,1.1743,1.1744,1.17437,1.17432,1.17428,1.17438,1.17435,-1
20170817  14:16:00,1.17438,1.17435,1.17441,1.17439,1.17433,1.1743,1.17438,1.17434,-1
20170817  14:17:00,1.17438,1.17434,1.17462,1.17459,1.17438,1.17434,1.1746,1.17459,-1
20170817  14:18:00,1.1746,1.17459,1.17475,1.17472,1.17453,1.17452,1.17465,1.17461,-1
20170817  14:19:00,1.17465,1.17461,1.17465,1.17461,1.17451,1.17449,1.1746,1.17459,-1
20170817  14:20:00,1.1746,1.17459,1.17461,1.1746,1.17452,1.17449,1.17453,1.17449,-1
20170817  14:21:00,1.17453,1.17449,1.17456,1.17453,1.17447,1.17444,1.17447,1.17444,-1
20170817  14:22:00,1.17447,1.17444,1.17448,1.17446,1.17436,1.17435,1.17447,1.17446,-1
20170817  14:23:00,1.17447,1.17446,1.17447,1.17446,1.17435,1.17434,1.17438,1.17435,-1
20170817  14:24:00,1.17438,1.17435,1.17443,1.1744,1.17436,1.17435,1.17441,1.17437,-1
20170817  14:25:00,1.17441,1.17437,1.17444,1.17442,1.17432,1.1743,1.17443,1.1744,-1
20170817  14:26:00,1.17443,1.1744,1.17453,1.1745,1.17441,1.17439,1.17443,1.1744,-1
20170817  14:27:00,1.17443,1.1744,1.17456,1.17453,1.17438,1.17435,1.17454,1.17452,-1
20170817  14:28:00,1.17454,1.17452,1.17462,1.1746,1.17452,1.1745,1.17458,1.17456,-1
20170817  14:29:00,1.17458,1.17456,1.17458,1.17456,1.17444,1.17443,1.17447,1.17444,-1
20170817  14:30:00,1.17447,1.17444,1.17452,1.1745,1.17441,1.17439,1.17443,1.17441,-1
20170817  14:31:00,1.17443,1.17441,1.17447,1.17445,1.17441,1.17439,1.17447,1.17445,-1
20170817  14:32:00,1.17447,1.17445,1.17447,1.17445,1.17438,1.17437,1.17441,1.17439,-1
20170817  14:33:00,1.17441,1.17439,1.17448,1.17445,1.17441,1.17439,1.17447,1.17445,-1
20170817  14:34:00,1.17447,1.17445,1.17458,1.17456,1.17445,1.17443,1.17456,1.17455,-1
20170817  14:35:00,1.17456,1.17455,1.17484,1.17483,1.17454,1.17452,1.17483,1.17481,-1
20170817  14:36:00,1.17483,1.17481,1.17483,1.17481,1.17468,1.17466,1.17476,1.17474,-1
20170817  14:37:00,1.17476,1.17474,1.17477,1.17475,1.17472,1.17469,1.17474,1.17471,-1
20170817  14:38:00,1.17474,1.17471,1.17475,1.17472,1.17471,1.17466,1.17473,1.17471,-1
20170817  14:39:00,1.17473,1.17471,1.17476,1.17475,1.17466,1.17465,1.1747,1.17469,-1
20170817  14:40:00,1.1747,1.17469,1.17471,1.17469,1.1747,1.17469,1.17471,1.17469,-1
20170817  14:41:00,1.17471,1.17469,1.17492,1.1749,1.17471,1.17469,1.17489,1.17486,-1
20170817  14:42:00,1.17489,1.17486,1.17489,1.17487,1.1748,1.17479,1.17482,1.1748,-1
20170817  14:43:00,1.17482,1.1748,1.17492,1.1749,1.1748,1.17478,1.17491,1.17489,-1
20170817  14:44:00,1.17491,1.17489,1.17497,1.17496,1.17482,1.17479,1.17497,1.17494,-1
20170817  14:45:00,1.17497,1.17494,1.17518,1.17516,1.17493,1.1749,1.17496,1.17495,-1
20170817  14:46:00,1.17496,1.17495,1.17496,1.17495,1.17485,1.17483,1.17486,1.17484,-1
20170817  14:47:00,1.17486,1.17484,1.17488,1.17486,1.17472,1.17471,1.17473,1.17471,-1
20170817  14:48:00,1.17473,1.17471,1.17475,1.17472,1.17465,1.17463,1.17465,1.17463,-1
20170817  14:49:00,1.17465,1.17463,1.17468,1.17466,1.17456,1.17454,1.17458,1.17456,-1
20170817  14:50:00,1.17458,1.17456,1.17458,1.17456,1.17418,1.17416,1.17425,1.17424,-1
20170817  14:51:00,1.17425,1.17424,1.17458,1.17456,1.17425,1.17424,1.17456,1.17455,-1
20170817  14:52:00,1.17456,1.17455,1.1746,1.17459,1.17438,1.17437,1.17452,1.17451,-1
20170817  14:53:00,1.17452,1.17451,1.17453,1.17452,1.17438,1.17436,1.17438,1.17436,-1
20170817  14:54:00,1.17438,1.17436,1.17442,1.1744,1.17432,1.1743,1.17433,1.17431,-1
20170817  14:55:00,1.17433,1.17431,1.17447,1.17445,1.17432,1.17431,1.17441,1.17437,-1
20170817  14:56:00,1.17441,1.17437,1.17447,1.17444,1.17433,1.17431,1.17436,1.17433,-1
20170817  14:57:00,1.17436,1.17433,1.17438,1.17434,1.17425,1.1742,1.17425,1.17424,-1
20170817  14:58:00,1.17425,1.17424,1.17429,1.17427,1.17412,1.17411,1.17415,1.17411,-1
20170817  14:59:00,1.17415,1.17411,1.1742,1.17418,1.17398,1.17396,1.174,1.17398,-1
20170817  15:00:00,1.174,1.17398,1.17415,1.17414,1.17398,1.17395,1.17403,1.17402,-1
20170817  15:01:00,1.17403,1.17402,1.17417,1.17416,1.17397,1.17395,1.17417,1.17416,-1
20170817  15:02:00,1.17417,1.17416,1.17428,1.17427,1.17416,1.17414,1.17424,1.17422,-1
20170817  15:03:00,1.17424,1.17422,1.17429,1.17427,1.17423,1.17421,1.17427,1.17425,-1
20170817  15:04:00,1.17427,1.17425,1.17433,1.17432,1.17424,1.17422,1.17427,1.17424,-1
20170817  15:05:00,1.17427,1.17424,1.17434,1.17432,1.17424,1.17423,1.17432,1.17431,-1
20170817  15:06:00,1.17432,1.17431,1.17435,1.17434,1.17427,1.17425,1.17433,1.1743,-1
20170817  15:07:00,1.17433,1.1743,1.17439,1.17437,1.17428,1.17426,1.17438,1.17435,-1
20170817  15:08:00,1.17438,1.17435,1.17445,1.17443,1.17434,1.17431,1.17439,1.17436,-1
20170817  15:09:00,1.17439,1.17436,1.17443,1.1744,1.17438,1.17434,1.17439,1.17436,-1
20170817  15:10:00,1.17439,1.17436,1.1744,1.17437,1.17436,1.17434,1.17439,1.17436,-1
20170817  15:11:00,1.17439,1.17436,1.17453,1.1745,1.17433,1.17432,1.17439,1.17436,-1
20170817  15:12:00,1.17439,1.17436,1.17448,1.17446,1.17438,1.17435,1.17447,1.17446,-1
20170817  15:13:00,1.17447,1.17446,1.17465,1.17464,1.17447,1.17446,1.17462,1.1746,-1
20170817  15:14:00,1.17462,1.1746,1.17472,1.17471,1.17448,1.17446,1.17449,1.17446,-1
20170817  15:15:00,1.17449,1.17446,1.17465,1.17463,1.17444,1.17441,1.17454,1.17452,-1
20170817  15:16:00,1.17454,1.17452,1.1746,1.17459,1.17447,1.17443,1.17447,1.17443,-1
20170817  15:17:00,1.17447,1.17443,1.17463,1.17462,1.17447,1.17443,1.17458,1.17456,-1
20170817  15:18:00,1.17458,1.17456,1.17467,1.17466,1.17457,1.17454,1.17461,1.17458,-1
20170817  15:19:00,1.17461,1.17458,1.17467,1.17465,1.17414,1.17413,1.17418,1.17416,-1
20170817  15:20:00,1.17418,1.17416,1.17423,1.17421,1.17413,1.17411,1.17421,1.17418,-1
20170817  15:21:00,1.17421,1.17418,1.17422,1.1742,1.17401,1.174,1.17403,1.17401,-1
20170817  15:22:00,1.17403,1.17401,1.17407,1.17406,1.17403,1.174,1.17403,1.17401,-1
20170817  15:23:00,1.17403,1.17401,1.17421,1.1742,1.17403,1.17401,1.17421,1.17419,-1
20170817  15:24:00,1.17421,1.17419,1.17428,1.17426,1.17417,1.17416,1.17418,1.17416,-1
20170817  15:25:00,1.17418,1.17416,1.17418,1.17416,1.17383,1.17382,1.17388,1.17385,-1
20170817  15:26:00,1.17388,1.17385,1.17393,1.17392,1.17374,1.17371,1.17378,1.17375,-1
20170817  15:27:00,1.17378,1.17375,1.17384,1.17382,1.17368,1.17366,1.17382,1.1738,-1
20170817  15:28:00,1.17382,1.1738,1.17383,1.17381,1.17363,1.17361,1.17369,1.17366,-1
20170817  15:29:00,1.17369,1.17366,1.17387,1.17385,1.17368,1.17365,1.17374,1.17373,-1
20170817  15:30:00,1.17374,1.17373,1.17418,1.17416,1.17372,1.17371,1.17417,1.17416,-1
20170817  15:31:00,1.17417,1.17416,1.17418,1.17416,1.17386,1.17383,1.1739,1.17389,-1
20170817  15:32:00,1.1739,1.17389,1.17392,1.17391,1.17366,1.17365,1.17374,1.17373,-1
20170817  15:33:00,1.17374,1.17373,1.17383,1.17381,1.17373,1.17372,1.17381,1.17379,-1
20170817  15:34:00,1.17381,1.17379,1.17388,1.17385,1.17372,1.1737,1.17374,1.17371,-1
20170817  15:35:00,1.17374,1.17371,1.17383,1.1738,1.17368,1.17366,1.17377,1.17373,-1
20170817  15:36:00,1.17377,1.17373,1.17387,1.17384,1.17377,1.17373,1.17379,1.17377,-1
20170817  15:37:00,1.17379,1.17377,1.17381,1.17379,1.17369,1.17367,1.17377,1.17374,-1
20170817  15:38:00,1.17377,1.17374,1.17377,1.17376,1.17361,1.1736,1.17375,1.17373,-1
20170817  15:39:00,1.17375,1.17373,1.17377,1.17375,1.17346,1.17345,1.17356,1.17355,-1
20170817  15:40:00,1.17356,1.17355,1.17377,1.17375,1.17355,1.17353,1.17377,1.17374,-1
20170817  15:41:00,1.17377,1.17374,1.17403,1.17402,1.17374,1.17373,1.17381,1.17379,-1
20170817  15:42:00,1.17381,1.17379,1.17383,1.17382,1.17359,1.17357,1.17373,1.17372,-1
20170817  15:43:00,1.17373,1.17372,1.17383,1.17382,1.17365,1.17364,1.17377,1.17376,-1
20170817  15:44:00,1.17377,1.17376,1.17377,1.17376,1.17361,1.17358,1.17373,1.1737,-1
20170817  15:45:00,1.17373,1.1737,1.17386,1.17384,1.17347,1.17345,1.17352,1.17349,-1
20170817  15:46:00,1.17352,1.17349,1.17365,1.17362,1.17343,1.17342,1.17361,1.17358,-1
20170817  15:47:00,1.17361,1.17358,1.17372,1.1737,1.17321,1.1732,1.17331,1.17329,-1
20170817  15:48:00,1.17331,1.17329,1.17342,1.17338,1.17326,1.17323,1.1733,1.17329,-1
20170817  15:49:00,1.1733,1.17329,1.17354,1.17351,1.1733,1.17329,1.17348,1.17345,-1
20170817  15:50:00,1.17348,1.17345,1.17359,1.17355,1.17346,1.17344,1.17349,1.17346,-1
20170817  15:51:00,1.17349,1.17346,1.17357,1.17356,1.17342,1.17339,1.17342,1.17339,-1
20170817  15:52:00,1.17342,1.17339,1.17344,1.17343,1.17309,1.17306,1.17316,1.17314,-1
20170817  15:53:00,1.17316,1.17314,1.17328,1.17326,1.17298,1.17296,1.17299,1.17298,-1
20170817  15:54:00,1.17299,1.17298,1.17317,1.17314,1.17299,1.17298,1.17309,1.17306,-1
20170817  15:55:00,1.17309,1.17306,1.17309,1.17306,1.17289,1.17287,1.17308,1.17306,-1
20170817  15:56:00,1.17308,1.17306,1.17324,1.17322,1.17307,1.17304,1.1731,1.17309,-1
20170817  15:57:00,1.1731,1.17309,1.17316,1.17314,1.17273,1.1727,1.17274,1.17272,-1
20170817  15:58:00,1.17274,1.17272,1.17289,1.17287,1.17274,1.17272,1.17284,1.17282,-1
20170817  15:59:00,1.17284,1.17282,1.17285,1.17282,1.17271,1.1727,1.1728,1.17278,-1
20170817  16:00:00,1.1728,1.17278,1.17307,1.17304,1.1728,1.17278,1.17303,1.17301,-1
20170817  16:01:00,1.17303,1.17301,1.1732,1.17319,1.17302,1.173,1.17305,1.17302,-1
20170817  16:02:00,1.17305,1.17302,1.17324,1.17321,1.17304,1.173,1.17324,1.17321,-1
20170817  16:03:00,1.17324,1.17321,1.17327,1.17326,1.17322,1.1732,1.17324,1.17323,-1
20170817  16:04:00,1.17324,1.17323,1.17335,1.17332,1.17324,1.17322,1.17335,1.17332,-1
20170817  16:05:00,1.17335,1.17332,1.17335,1.17332,1.17313,1.17311,1.17319,1.17316,-1
20170817  16:06:00,1.17319,1.17316,1.1732,1.17316,1.17315,1.17311,1.17317,1.17316,-1
20170817  16:07:00,1.17317,1.17316,1.17319,1.17317,1.17316,1.17311,1.17319,1.17316,-1
20170817  16:08:00,1.17319,1.17316,1.17319,1.17317,1.17308,1.17306,1.1731,1.17306,-1
20170817  16:09:00,1.1731,1.17306,1.1731,1.17306,1.17292,1.17287,1.17292,1.17291,-1
20170817  16:10:00,1.17292,1.17291,1.17299,1.17297,1.17292,1.17287,1.17298,1.17294,-1
20170817  16:11:00,1.17298,1.17294,1.17298,1.17295,1.17295,1.17292,1.17296,1.17293,-1
20170817  16:12:00,1.17296,1.17293,1.17299,1.17296,1.17296,1.17292,1.17298,1.17296,-1
20170817  16:13:00,1.17298,1.17296,1.17308,1.17306,1.17298,1.17296,1.17308,1.17306,-1
20170817  16:14:00,1.17308,1.17306,1.17314,1.17311,1.17305,1.17302,1.17305,1.17302,-1
20170817  16:15:00,1.17305,1.17302,1.17305,1.17302,1.17295,1.17291,1.17295,1.17291,-1
20170817  16:16:00,1.17295,1.17291,1.17295,1.17293,1.17295,1.17291,1.17295,1.17291,-1
20170817  16:17:00,1.17295,1.17291,1.17295,1.17292,1.17282,1.17279,1.17284,1.17281,-1
20170817  16:18:00,1.17284,1.17281,1.17294,1.1729,1.1728,1.17279,1.17281,1.17279,-1
20170817  16:19:00,1.17281,1.17279,1.17284,1.17282,1.17276,1.17275,1.1728,1.17276,-1
20170817  16:20:00,1.1728,1.17276,1.1728,1.17278,1.17269,1.17266,1.17278,1.17275,-1
20170817  16:21:00,1.17278,1.17275,1.17278,1.17275,1.1727,1.17268,1.1727,1.17268,-1
20170817  16:22:00,1.1727,1.17268,1.17275,1.1727,1.17263,1.1726,1.17263,1.17261,-1
20170817  16:23:00,1.17263,1.17261,1.17263,1.17261,1.17248,1.17246,1.17252,1.1725,-1
20170817  16:24:00,1.17252,1.1725,1.17252,1.1725,1.17219,1.17216,1.17222,1.1722,-1
20170817  16:25:00,1.17222,1.1722,1.17239,1.17235,1.17217,1.17215,1.17223,1.1722,-1
20170817  16:26:00,1.17223,1.1722,1.17224,1.1722,1.17203,1.172,1.17203,1.172,-1
20170817  16:27:00,1.17203,1.172,1.17208,1.17205,1.17193,1.17191,1.17198,1.17197,-1
20170817  16:28:00,1.17198,1.17197,1.17204,1.172,1.17198,1.17197,1.17204,1.172,-1
20170817  16:29:00,1.17204,1.172,1.17208,1.17206,1.17201,1.172,1.17205,1.17203,-1
20170817  16:30:00,1.17205,1.17203,1.17213,1.17209,1.17203,1.172,1.17204,1.172,-1
20170817  16:31:00,1.17204,1.172,1.17214,1.17212,1.17203,1.172,1.17214,1.17212,-1
20170817  16:32:00,1.17214,1.17212,1.17226,1.17222,1.1721,1.17205,1.1721,1.17209,-1
20170817  16:33:00,1.1721,1.17209,1.1722,1.17217,1.1721,1.17209,1.17215,1.17212,-1
20170817  16:34:00,1.17215,1.17212,1.17219,1.17218,1.17214,1.17209,1.17215,1.17209,-1
20170817  16:35:00,1.17215,1.17209,1.17215,1.17211,1.17214,1.17209,1.17214,1.17211,-1
20170817  16:36:00,1.17214,1.17211,1.17215,1.17211,1.17213,1.17209,1.17214,1.17209,-1
20170817  16:37:00,1.17214,1.17209,1.17215,1.17209,1.17207,1.17203,1.17207,1.17203,-1
20170817  16:38:00,1.17207,1.17203,1.17207,1.17203,1.17201,1.17197,1.17203,1.17199,-1
20170817  16:39:00,1.17203,1.17199,1.17203,1.172,1.17187,1.17183,1.17187,1.17185,-1
20170817  16:40:00,1.17187,1.17185,1.17192,1.1719,1.17185,1.17183,1.17191,1.17189,-1
20170817  16:41:00,1.17191,1.17189,1.17192,1.1719,1.17187,1.17184,1.17189,1.17185,-1
20170817  16:42:00,1.17189,1.17185,1.17189,1.17186,1.17186,1.17183,1.17188,1.17184,-1
20170817  16:43:00,1.17188,1.17184,1.17198,1.17195,1.17184,1.17179,1.17198,1.17194,-1
20170817  16:44:00,1.17198,1.17194,1.17219,1.17216,1.17188,1.17185,1.17219,1.17216,-1
20170817  16:45:00,1.17219,1.17216,1.17242,1.17238,1.17219,1.17216,1.17229,1.17226,-1
20170817  16:46:00,1.17229,1.17226,1.17238,1.17234,1.17228,1.17224,1.17238,1.17234,-1
20170817  16:47:00,1.17238,1.17234,1.17239,1.17235,1.17236,1.17233,1.17238,1.17234,-1
20170817  16:48:00,1.17238,1.17234,1.17249,1.17246,1.17236,1.17233,1.17245,1.17242,-1
20170817  16:49:00,1.17245,1.17242,1.17251,1.17249,1.17245,1.17242,1.17249,1.17244,-1
20170817  16:50:00,1.17249,1.17244,1.17251,1.17249,1.17238,1.17235,1.17238,1.17235,-1
20170817  16:51:00,1.17238,1.17235,1.1725,1.17249,1.17231,1.17228,1.17247,1.17242,-1
20170817  16:52:00,1.17247,1.17242,1.17247,1.17244,1.17245,1.1724,1.17246,1.17242,-1
20170817  16:53:00,1.17246,1.17242,1.1725,1.17246,1.17242,1.17237,1.17246,1.1724,-1
20170817  16:54:00,1.17246,1.1724,1.17247,1.17244,1.17245,1.1724,1.17246,1.17242,-1
20170817  16:55:00,1.17246,1.17242,1.17246,1.17244,1.17241,1.17238,1.17242,1.1724,-1
20170817  16:56:00,1.17242,1.1724,1.1725,1.17249,1.17242,1.17235,1.1725,1.17249,-1
20170817  16:57:00,1.1725,1.17249,1.1725,1.17249,1.17246,1.1724,1.17246,1.17244,-1
20170817  16:58:00,1.17246,1.17244,1.17246,1.17244,1.17231,1.17225,1.17236,1.17234,-1
20170817  16:59:00,1.17236,1.17234,1.1724,1.17237,1.17231,1.17226,1.17231,1.17226,-1
20170817  17:15:00,1.1722,1.17209,1.17265,1.17221,1.1722,1.17176,1.1722,1.17216,-1
20170817  17:16:00,1.1722,1.17216,1.17223,1.17218,1.17213,1.17207,1.17219,1.17211,-1
20170817  17:17:00,1.17219,1.17211,1.17224,1.17217,1.17219,1.17209,1.17224,1.17216,-1
20170817  17:18:00,1.17224,1.17216,1.17226,1.17222,1.1722,1.17214,1.17226,1.17221,-1
20170817  17:19:00,1.17226,1.17221,1.17236,1.1723,1.17224,1.17218,1.1723,1.17225,-1
20170817  17:20:00,1.1723,1.17225,1.17237,1.17228,1.17228,1.1722,1.17237,1.17228,-1
20170817  17:21:00,1.17237,1.17228,1.17238,1.17231,1.17235,1.17227,1.17236,1.1723,-1
20170817  17:22:00,1.17236,1.1723,1.17237,1.17231,1.17221,1.17217,1.17225,1.17218,-1
20170817  17:23:00,1.17225,1.17218,1.17225,1.17218,1.17211,1.17205,1.17219,1.17213,-1
20170817  17:24:00,1.17219,1.17213,1.17231,1.17224,1.17211,1.17205,1.17224,1.17217,-1
20170817  17:25:00,1.17224,1.17217,1.17239,1.17226,1.17224,1.17214,1.17229,1.17218,-1
20170817  17:26:00,1.17229,1.17218,1.17229,1.17218,1.17221,1.17215,1.17221,1.17215,-1
20170817  17:27:00,1.17221,1.17215,1.17222,1.17219,1.17221,1.17215,1.17221,1.17215,-1
20170817  17:28:00,1.17221,1.17215,1.17245,1.17242,1.1722,1.17215,1.17245,1.17239,-1
20170817  17:29:00,1.17245,1.17239,1.17246,1.17241,1.17239,1.17235,1.17243,1.1724,-1
20170817  17:30:00,1.17243,1.1724,1.17259,1.17251,1.1722,1.172,1.17236,1.1722,-1
20170817  17:31:00,1.17236,1.1722,1.1726,1.17255,1.17213,1.17204,1.17232,1.17218,-1
20170817  17:32:00,1.17232,1.17218,1.1726,1.17251,1.1723,1.17215,1.1726,1.17244,-1
20170817  17:33:00,1.1726,1.17244,1.17276,1.17264,1.17228,1.17223,1.17233,1.17223,-1
20170817  17:34:00,1.17233,1.17223,1.17248,1.17244,1.17231,1.17223,1.17247,1.17235,-1
20170817  17:35:00,1.17247,1.17235,1.17249,1.17244,1.17245,1.17229,1.17247,1.17241,-1
20170817  17:36:00,1.17247,1.17241,1.1729,1.17269,1.17246,1.1724,1.17274,1.17258,-1
20170817  17:37:00,1.17274,1.17258,1.17275,1.1726,1.17258,1.17242,1.1726,1.17244,-1
20170817  17:38:00,1.1726,1.17244,1.1726,1.1725,1.17238,1.17228,1.17248,1.17232,-1
20170817  17:39:00,1.17248,1.17232,1.17263,1.17251,1.17241,1.17231,1.17263,1.17244,-1
20170817  17:40:00,1.17263,1.17244,1.17277,1.1726,1.17254,1.17239,1.17257,1.1724,-1
20170817  17:41:00,1.17257,1.1724,1.17257,1.17244,1.17237,1.17231,1.1725,1.17234,-1
20170817  17:42:00,1.1725,1.17234,1.17254,1.17238,1.17249,1.17231,1.17254,1.17238,-1
20170817  17:43:00,1.17254,1.17238,1.17259,1.17253,1.17254,1.17235,1.17257,1.17244,-1
20170817  17:44:00,1.17257,1.17244,1.17258,1.1725,1.1725,1.17244,1.17254,1.17244,-1
20170817  17:45:00,1.17254,1.17244,1.17261,1.17256,1.17254,1.17244,1.17257,1.17252,-1
20170817  17:46:00,1.17257,1.17252,1.17285,1.17273,1.17236,1.17231,1.17276,1.17261,-1
20170817  17:47:00,1.17276,1.17261,1.17286,1.1727,1.17246,1.17231,1.17273,1.17261,-1
20170817  17:48:00,1.17273,1.17261,1.17285,1.1727,1.17243,1.17231,1.17278,1.17265,-1
20170817  17:49:00,1.17278,1.17265,1.17278,1.17267,1.17246,1.17223,1.17248,1.17229,-1
20170817  17:50:00,1.17248,1.17229,1.17278,1.17263,1.17248,1.17229,1.17255,1.17249,-1
20170817  17:51:00,1.17255,1.17249,1.17286,1.17279,1.17255,1.17249,1.17273,1.17262,-1
20170817  17:52:00,1.17273,1.17262,1.17295,1.17279,1.1725,1.17238,1.17291,1.1727,-1
20170817  17:53:00,1.17291,1.1727,1.17293,1.1727,1.1725,1.17229,1.17269,1.1725,-1
20170817  17:54:00,1.17269,1.1725,1.173,1.17282,1.17255,1.17228,1.17256,1.17232,-1
20170817  17:55:00,1.17256,1.17232,1.17296,1.17275,1.17256,1.17229,1.17282,1.17257,-1
20170817  17:56:00,1.17282,1.17257,1.17289,1.1727,1.1727,1.17253,1.17289,1.1727,-1
20170817  17:57:00,1.17289,1.1727,1.17289,1.17273,1.17256,1.17237,1.17281,1.17257,-1
20170817  17:58:00,1.17281,1.17257,1.17289,1.17273,1.17258,1.17235,1.17275,1.17242,-1
20170817  17:59:00,1.17275,1.17242,1.17286,1.17281,1.17261,1.17235,1.17272,1.17248,-1
20170817  18:00:00,1.17272,1.17248,1.1728,1.17263,1.17265,1.17248,1.17273,1.17253,-1
20170817  18:01:00,1.17273,1.17253,1.1729,1.17279,1.17268,1.17253,1.17289,1.17274,-1
20170817  18:02:00,1.17289,1.17274,1.1729,1.17277,1.17281,1.1727,1.17281,1.17275,-1
20170817  18:03:00,1.17281,1.17275,1.17295,1.17291,1.17271,1.17269,1.1728,1.17275,-1
20170817  18:04:00,1.1728,1.17275,1.17312,1.17305,1.1728,1.17275,1.1729,1.17281,-1
20170817  18:05:00,1.1729,1.17281,1.17307,1.17296,1.1729,1.17281,1.17307,1.17296,-1
20170817  18:06:00,1.17307,1.17296,1.17309,1.17302,1.17295,1.17293,1.17309,1.17302,-1
20170817  18:07:00,1.17309,1.17302,1.17314,1.17307,1.17301,1.17297,1.17309,1.17304,-1
20170817  18:08:00,1.17309,1.17304,1.17309,1.17304,1.17305,1.17299,1.17305,1.17299,-1
20170817  18:09:00,1.17305,1.17299,1.17305,1.173,1.17298,1.17292,1.17299,1.17294,-1
20170817  18:10:00,1.17299,1.17294,1.17304,1.17297,1.17291,1.17285,1.17291,1.17285,-1
20170817  18:11:00,1.17291,1.17285,1.17294,1.17288,1.17282,1.17276,1.17284,1.17279,-1
20170817  18:12:00,1.17284,1.17279,1.17284,1.17279,1.1728,1.17274,1.1728,1.17277,-1
20170817  18:13:00,1.1728,1.17277,1.17283,1.17281,1.17277,1.17273,1.1728,1.17274,-1
20170817  18:14:00,1.1728,1.17274,1.17282,1.17279,1.1728,1.17274,1.17281,1.17275,-1
20170817  18:15:00,1.17281,1.17275,1.17283,1.17277,1.17275,1.17268,1.1728,1.17272,-1
20170817  18:16:00,1.1728,1.17272,1.1728,1.17274,1.17267,1.17262,1.17269,1.17264,-1
20170817  18:17:00,1.17269,1.17264,1.17281,1.17276,1.17269,1.17264,1.1728,1.17274,-1
20170817  18:18:00,1.1728,1.17274,1.1728,1.17274,1.17274,1.17268,1.17278,1.17273,-1
20170817  18:19:00,1.17278,1.17273,1.17281,1.17275,1.17277,1.17272,1.1728,1.17275,-1
20170817  18:20:00,1.1728,1.17275,1.1728,1.17275,1.17278,1.17273,1.1728,1.17275,-1
20170817  18:21:00,1.1728,1.17275,1.1728,1.17275,1.17276,1.17273,1.17278,1.17273,-1
20170817  18:22:00,1.17278,1.17273,1.17278,1.17273,1.17263,1.1726,1.17264,1.1726,-1
20170817  18:23:00,1.17264,1.1726,1.17266,1.17261,1.17259,1.17253,1.17265,1.17261,-1
20170817  18:24:00,1.17265,1.17261,1.17274,1.17272,1.17265,1.17261,1.17267,1.17263,-1
20170817  18:25:00,1.17267,1.17263,1.1727,1.17266,1.17266,1.17263,1.17267,1.17265,-1
20170817  18:26:00,1.17267,1.17265,1.17271,1.17267,1.17266,1.17264,1.1727,1.17267,-1
20170817  18:27:00,1.1727,1.17267,1.17273,1.1727,1.17255,1.17251,1.17256,1.17252,-1
20170817  18:28:00,1.17256,1.17252,1.17267,1.17263,1.17249,1.17247,1.17259,1.17253,-1
20170817  18:29:00,1.17259,1.17253,1.1726,1.17256,1.17258,1.17253,1.17259,1.17253,-1
20170817  18:30:00,1.17259,1.17253,1.1726,1.17259,1.17246,1.17242,1.1726,1.17259,-1
20170817  18:31:00,1.1726,1.17259,1.17263,1.17259,1.1726,1.17257,1.17263,1.17258,-1
20170817  18:32:00,1.17263,1.17258,1.17263,1.17259,1.1726,1.17258,1.17263,1.17259,-1
20170817  18:33:00,1.17263,1.17259,1.17263,1.1726,1.17261,1.17258,1.17263,1.1726,-1
20170817  18:34:00,1.17263,1.1726,1.17263,1.1726,1.17257,1.17252,1.17258,1.17252,-1
20170817  18:35:00,1.17258,1.17252,1.17259,1.17255,1.17247,1.17243,1.17249,1.17244,-1
20170817  18:36:00,1.17249,1.17244,1.17265,1.17261,1.17249,1.17244,1.17265,1.17261,-1
20170817  18:37:00,1.17265,1.17261,1.17268,1.17265,1.17263,1.17259,1.17266,1.17263,-1
20170817  18:38:00,1.17266,1.17263,1.17267,1.17265,1.1725,1.17244,1.17252,1.17246,-1
20170817  18:39:00,1.17252,1.17246,1.17273,1.17269,1.17249,1.17242,1.17269,1.17267,-1
20170817  18:40:00,1.17269,1.17267,1.17286,1.17281,1.17269,1.17267,1.17285,1.17279,-1
20170817  18:41:00,1.17285,1.17279,1.17285,1.17279,1.17267,1.17261,1.17268,1.17262,-1
20170817  18:42:00,1.17268,1.17262,1.17268,1.17262,1.1726,1.17253,1.17263,1.17255,-1
20170817  18:43:00,1.17263,1.17255,1.1728,1.17275,1.1726,1.17255,1.1728,1.17274,-1
20170817  18:44:00,1.1728,1.17274,1.17282,1.17278,1.1728,1.17274,1.1728,1.17277,-1
20170817  18:45:00,1.1728,1.17277,1.1728,1.17279,1.17268,1.17264,1.17276,1.17272,-1
20170817  18:46:00,1.17276,1.17272,1.17276,1.17272,1.17271,1.17267,1.17273,1.17269,-1
20170817  18:47:00,1.17273,1.17269,1.17273,1.1727,1.17273,1.17269,1.17273,1.1727,-1
20170817  18:48:00,1.17273,1.1727,1.1728,1.17275,1.17272,1.1727,1.17278,1.17274,-1
20170817  18:49:00,1.17278,1.17274,1.1728,1.17277,1.17278,1.17274,1.1728,1.17274,-1
20170817  18:50:00,1.1728,1.17274,1.1728,1.17274,1.17274,1.17268,1.17278,1.17274,-1
20170817  18:51:00,1.17278,1.17274,1.1728,1.17276,1.17271,1.17267,1.17273,1.17268,-1
20170817  18:52:00,1.17273,1.17268,1.1728,1.17273,1.17273,1.17268,1.17278,1.17273,-1
20170817  18:53:00,1.17278,1.17273,1.1728,1.17275,1.17276,1.1727,1.17277,1.17274,-1
20170817  18:54:00,1.17277,1.17274,1.1728,1.17275,1.17277,1.17272,1.17278,1.17275,-1
20170817  18:55:00,1.17278,1.17275,1.17278,1.17275,1.17273,1.1727,1.17278,1.17272,-1
20170817  18:56:00,1.17278,1.17272,1.17284,1.17279,1.17278,1.17272,1.17278,1.17277,-1
20170817  18:57:00,1.17278,1.17277,1.17278,1.17277,1.17271,1.17267,1.17271,1.17267,-1
20170817  18:58:00,1.17271,1.17267,1.17272,1.17269,1.17267,1.17266,1.17268,1.17267,-1
20170817  18:59:00,1.17268,1.17267,1.17271,1.17267,1.17263,1.1726,1.1727,1.17266,-1
20170817  19:00:00,1.1727,1.17266,1.17273,1.1727,1.17268,1.17265,1.1727,1.17268,-1
20170817  19:01:00,1.1727,1.17268,1.17286,1.17282,1.1727,1.17268,1.17285,1.17282,-1
20170817  19:02:00,1.17285,1.17282,1.17285,1.17282,1.1728,1.17277,1.17282,1.17279,-1
20170817  19:03:00,1.17282,1.17279,1.17283,1.17281,1.17281,1.17278,1.17283,1.17279,-1
20170817  19:04:00,1.17283,1.17279,1.17283,1.17279,1.1728,1.17277,1.17282,1.17279,-1
20170817  19:05:00,1.17282,1.17279,1.17283,1.17279,1.17268,1.17265,1.17282,1.17278,-1
20170817  19:06:00,1.17282,1.17278,1.17282,1.17278,1.17268,1.17267,1.1728,1.17276,-1
20170817  19:07:00,1.1728,1.17276,1.1728,1.17276,1.17277,1.17275,1.17277,1.17275,-1
20170817  19:08:00,1.17277,1.17275,1.17277,1.17275,1.17271,1.17267,1.17271,1.17268,-1
20170817  19:09:00,1.17271,1.17268,1.17302,1.17298,1.17271,1.17268,1.1729,1.17286,-1
20170817  19:10:00,1.1729,1.17286,1.17292,1.17288,1.17287,1.17285,1.17292,1.17288,-1
20170817  19:11:00,1.17292,1.17288,1.17292,1.17288,1.17263,1.17258,1.17269,1.17268,-1
20170817  19:12:00,1.17269,1.17268,1.1727,1.17268,1.17267,1.17264,1.17269,1.17267,-1
20170817  19:13:00,1.17269,1.17267,1.17275,1.17273,1.17269,1.17266,1.17275,1.17272,-1
20170817  19:14:00,1.17275,1.17272,1.17278,1.17276,1.17269,1.17266,1.17269,1.17267,-1
20170817  19:15:00,1.17269,1.17267,1.17272,1.1727,1.17265,1.17263,1.17271,1.1727,-1
20170817  19:16:00,1.17271,1.1727,1.17272,1.1727,1.17263,1.1726,1.17263,1.17262,-1
20170817  19:17:00,1.17263,1.17262,1.17264,1.17262,1.17236,1.17234,1.17237,1.17235,-1
20170817  19:18:00,1.17237,1.17235,1.1724,1.17235,1.17233,1.17229,1.17234,1.17231,-1
20170817  19:19:00,1.17234,1.17231,1.17234,1.17231,1.17228,1.17225,1.17229,1.17226,-1
20170817  19:20:00,1.17229,1.17226,1.17233,1.17229,1.17229,1.17224,1.17233,1.17229,-1
20170817  19:21:00,1.17233,1.17229,1.17242,1.17241,1.17233,1.17229,1.17241,1.17239,-1
20170817  19:22:00,1.17241,1.17239,1.17241,1.17239,1.17229,1.17225,1.17229,1.17225,-1
20170817  19:23:00,1.17229,1.17225,1.17239,1.17235,1.17228,1.17224,1.17238,1.17235,-1
20170817  19:24:00,1.17238,1.17235,1.17242,1.17238,1.17232,1.17229,1.17238,1.17235,-1
20170817  19:25:00,1.17238,1.17235,1.17238,1.17235,1.17236,1.17234,1.17237,1.17234,-1
20170817  19:26:00,1.17237,1.17234,1.17237,1.17234,1.17219,1.17215,1.1722,1.17218,-1
20170817  19:27:00,1.1722,1.17218,1.17225,1.17223,1.17219,1.17214,1.17219,1.17214,-1
20170817  19:28:00,1.17219,1.17214,1.17219,1.17215,1.17217,1.17213,1.17217,1.17213,-1
20170817  19:29:00,1.17217,1.17213,1.17219,1.17215,1.17216,1.17213,1.17219,1.17215,-1
20170817  19:30:00,1.17219,1.17215,1.1722,1.17217,1.17217,1.17214,1.1722,1.17216,-1
20170817  19:31:00,1.1722,1.17216,1.1722,1.17216,1.17204,1.172,1.17211,1.17207,-1
20170817  19:32:00,1.17211,1.17207,1.17211,1.17207,1.17201,1.172,1.17203,1.172,-1
20170817  19:33:00,1.17203,1.172,1.17207,1.17203,1.17201,1.172,1.17207,1.17203,-1
20170817  19:34:00,1.17207,1.17203,1.17212,1.17209,1.17207,1.17203,1.17212,1.17209,-1
20170817  19:35:00,1.17212,1.17209,1.17213,1.17209,1.17208,1.17204,1.1721,1.17207,-1
20170817  19:36:00,1.1721,1.17207,1.17213,1.17209,1.1721,1.17207,1.17213,1.17209,-1
20170817  19:37:00,1.17213,1.17209,1.17222,1.1722,1.17208,1.17204,1.17208,1.17204,-1
20170817  19:38:00,1.17208,1.17204,1.17208,1.17204,1.17201,1.172,1.17203,1.172,-1
20170817  19:39:00,1.17203,1.172,1.17203,1.172,1.17197,1.17195,1.17199,1.17196,-1
20170817  19:40:00,1.17199,1.17196,1.17208,1.17207,1.17199,1.17196,1.17207,1.17205,-1
20170817  19:41:00,1.17207,1.17205,1.17232,1.1723,1.17198,1.17195,1.1723,1.17227,-1
20170817  19:42:00,1.1723,1.17227,1.17247,1.17244,1.17228,1.17227,1.17246,1.17244,-1
20170817  19:43:00,1.17246,1.17244,1.17248,1.17244,1.17231,1.17228,1.17232,1.17231,-1
20170817  19:44:00,1.17232,1.17231,1.1724,1.17237,1.17207,1.17204,1.1721,1.17207,-1
20170817  19:45:00,1.1721,1.17207,1.17216,1.17213,1.17198,1.17195,1.17211,1.17209,-1
20170817  19:46:00,1.17211,1.17209,1.17212,1.17209,1.1718,1.17179,1.17189,1.17186,-1
20170817  19:47:00,1.17189,1.17186,1.17197,1.17194,1.17189,1.17186,1.17192,1.17189,-1
20170817  19:48:00,1.17192,1.17189,1.17192,1.17189,1.17173,1.17169,1.17173,1.1717,-1
20170817  19:49:00,1.17173,1.1717,1.17177,1.17174,1.17158,1.17156,1.17159,1.17156,-1
20170817  19:50:00,1.17159,1.17156,1.1717,1.17169,1.17156,1.17155,1.17158,1.17156,-1
20170817  19:51:00,1.17158,1.17156,1.17165,1.1716,1.17134,1.1713,1.17136,1.17133,-1
20170817  19:52:00,1.17136,1.17133,1.17141,1.17137,1.17131,1.17126,1.17137,1.17133,-1
20170817  19:53:00,1.17137,1.17133,1.17137,1.17134,1.17087,1.17084,1.17087,1.17084,-1
20170817  19:54:00,1.17087,1.17084,1.17103,1.17101,1.17087,1.17084,1.17096,1.17092,-1
20170817  19:55:00,1.17096,1.17092,1.17123,1.17121,1.17096,1.17092,1.17123,1.17119,-1
20170817  19:56:00,1.17123,1.17119,1.17135,1.17132,1.1712,1.17118,1.17128,1.17125,-1
20170817  19:57:00,1.17128,1.17125,1.17128,1.17126,1.1711,1.17108,1.17127,1.17126,-1
20170817  19:58:00,1.17127,1.17126,1.17153,1.17151,1.17127,1.17124,1.17153,1.1715,-1
20170817  19:59:00,1.17153,1.1715,1.1716,1.17158,1.17145,1.17144,1.1716,1.17158,-1
20170817  20:00:00,1.1716,1.17158,1.17184,1.17181,1.17151,1.17149,1.17181,1.17179,-1
20170817  20:01:00,1.17181,1.17179,1.17184,1.1718,1.17153,1.1715,1.17153,1.1715,-1
20170817  20:02:00,1.17153,1.1715,1.17168,1.17165,1.17151,1.17147,1.17168,1.17165,-1
20170817  20:03:00,1.17168,1.17165,1.17199,1.17196,1.17168,1.17165,1.17194,1.17191,-1
20170817  20:04:00,1.17194,1.17191,1.17204,1.172,1.17194,1.1719,1.17194,1.17191,-1
20170817  20:05:00,1.17194,1.17191,1.17196,1.17194,1.17157,1.17156,1.17159,1.17156,-1
20170817  20:06:00,1.17159,1.17156,1.17176,1.17172,1.17155,1.17153,1.17157,1.17153,-1
20170817  20:07:00,1.17157,1.17153,1.17167,1.17164,1.17149,1.17145,1.1715,1.17147,-1
20170817  20:08:00,1.1715,1.17147,1.17163,1.17159,1.17143,1.17141,1.17143,1.17142,-1
20170817  20:09:00,1.17143,1.17142,1.1715,1.17147,1.17103,1.17101,1.1711,1.17106,-1
20170817  20:10:00,1.1711,1.17106,1.17133,1.1713,1.17109,1.17106,1.17126,1.17123,-1
20170817  20:11:00,1.17126,1.17123,1.1715,1.17147,1.17125,1.17123,1.1715,1.17147,-1
20170817  20:12:00,1.1715,1.17147,1.17175,1.17171,1.1715,1.17147,1.17175,1.17171,-1
20170817  20:13:00,1.17175,1.17171,1.17185,1.17182,1.17173,1.1717,1.17184,1.17181,-1
20170817  20:14:00,1.17184,1.17181,1.17184,1.17181,1.17148,1.17145,1.17148,1.17145,-1
20170817  20:15:00,1.17148,1.17145,1.1717,1.17167,1.17144,1.17142,1.17169,1.17165,-1
20170817  20:16:00,1.17169,1.17165,1.17184,1.17181,1.17166,1.17162,1.17184,1.1718,-1
20170817  20:17:00,1.17184,1.1718,1.17201,1.17198,1.17181,1.17177,1.17201,1.17197,-1
20170817  20:18:00,1.17201,1.17197,1.17203,1.17202,1.17177,1.17173,1.17194,1.17191,-1
20170817  20:19:00,1.17194,1.17191,1.17201,1.17199,1.17187,1.17184,1.17199,1.17196,-1
20170817  20:20:00,1.17199,1.17196,1.1721,1.17207,1.17199,1.17196,1.17205,1.17202,-1
20170817  20:21:00,1.17205,1.17202,1.1721,1.17207,1.17196,1.17193,1.17199,1.17196,-1
20170817  20:22:00,1.17199,1.17196,1.1721,1.17207,1.17199,1.17195,1.1721,1.17207,-1
20170817  20:23:00,1.1721,1.17207,1.17237,1.17234,1.1721,1.17207,1.17232,1.1723,-1
20170817  20:24:00,1.17232,1.1723,1.17256,1.17253,1.17223,1.17219,1.17245,1.17242,-1
20170817  20:25:00,1.17245,1.17242,1.17248,1.17244,1.1723,1.17227,1.17232,1.17228,-1
20170817  20:26:00,1.17232,1.17228,1.17263,1.1726,1.17232,1.17228,1.17252,1.1725,-1
20170817  20:27:00,1.17252,1.1725,1.17255,1.17253,1.17245,1.17241,1.17249,1.17247,-1
20170817  20:28:00,1.17249,1.17247,1.17254,1.17251,1.17246,1.17243,1.17252,1.17249,-1
20170817  20:29:00,1.17252,1.17249,1.17252,1.17249,1.17233,1.1723,1.17234,1.1723,-1
20170817  20:30:00,1.17234,1.1723,1.17245,1.17242,1.17233,1.1723,1.17239,1.17235,-1
20170817  20:31:00,1.17239,1.17235,1.17246,1.17244,1.17236,1.17233,1.17246,1.17244,-1
20170817  20:32:00,1.17246,1.17244,1.17255,1.17251,1.17245,1.17241,1.17251,1.17247,-1
20170817  20:33:00,1.17251,1.17247,1.17256,1.17253,1.17243,1.1724,1.17254,1.17251,-1
20170817  20:34:00,1.17254,1.17251,1.17265,1.17262,1.17254,1.1725,1.17254,1.17251,-1
20170817  20:35:00,1.17254,1.17251,1.17256,1.17253,1.1725,1.17248,1.17254,1.17251,-1
20170817  20:36:00,1.17254,1.17251,1.17254,1.17251,1.17238,1.17235,1.17242,1.17238,-1
20170817  20:37:00,1.17242,1.17238,1.17242,1.17238,1.17225,1.17223,1.17232,1.1723,-1
20170817  20:38:00,1.17232,1.1723,1.17243,1.1724,1.17231,1.17228,1.17233,1.17229,-1
20170817  20:39:00,1.17233,1.17229,1.17243,1.1724,1.17226,1.17224,1.17237,1.17235,-1
20170817  20:40:00,1.17237,1.17235,1.1724,1.17238,1.17228,1.17225,1.17233,1.17231,-1
20170817  20:41:00,1.17233,1.17231,1.17235,1.17233,1.1723,1.17227,1.1723,1.17227,-1
20170817  20:42:00,1.1723,1.17227,1.17245,1.17243,1.17217,1.17215,1.17219,1.17215,-1
20170817  20:43:00,1.17219,1.17215,1.17228,1.17225,1.17217,1.17214,1.17219,1.17215,-1
20170817  20:44:00,1.17219,1.17215,1.17219,1.17216,1.17201,1.17198,1.1721,1.17207,-1
20170817  20:45:00,1.1721,1.17207,1.17229,1.17225,1.1721,1.17207,1.17221,1.17219,-1
20170817  20:46:00,1.17221,1.17219,1.17235,1.17233,1.17219,1.17216,1.17228,1.17226,-1
20170817  20:47:00,1.17228,1.17226,1.17248,1.17244,1.17228,1.17226,1.17245,1.17242,-1
20170817  20:48:00,1.17245,1.17242,1.17251,1.17248,1.17238,1.17235,1.1725,1.17247,-1
20170817  20:49:00,1.1725,1.17247,1.17254,1.17251,1.17242,1.17241,1.17254,1.17249,-1
20170817  20:50:00,1.17254,1.17249,1.17255,1.17252,1.17249,1.17246,1.17254,1.17251,-1
20170817  20:51:00,1.17254,1.17251,1.17258,1.17255,1.17249,1.17247,1.17254,1.1725,-1
20170817  20:52:00,1.17254,1.1725,1.17261,1.17259,1.17249,1.17246,1.17261,1.17259,-1
20170817  20:53:00,1.17261,1.17259,1.17283,1.17279,1.17259,1.17256,1.17278,1.17274,-1
20170817  20:54:00,1.17278,1.17274,1.17301,1.173,1.17269,1.17266,1.17295,1.17294,-1
20170817  20:55:00,1.17295,1.17294,1.173,1.17299,1.17267,1.17264,1.17274,1.1727,-1
20170817  20:56:00,1.17274,1.1727,1.17287,1.17284,1.17273,1.1727,1.17282,1.17279,-1
20170817  20:57:00,1.17282,1.17279,1.17283,1.17281,1.17278,1.17277,1.17283,1.17279,-1
20170817  20:58:00,1.17283,1.17279,1.17291,1.1729,1.1728,1.17279,1.1728,1.17279,-1
20170817  20:59:00,1.1728,1.17279,1.17283,1.17279,1.17274,1.1727,1.17282,1.17279,-1
20170817  21:00:00,1.17282,1.17279,1.17283,1.17279,1.17277,1.17275,1.17278,1.17275,-1
20170817  21:01:00,1.17278,1.17275,1.17281,1.17278,1.17276,1.17274,1.17278,1.17276,-1
20170817  21:02:00,1.17278,1.17276,1.17282,1.17279,1.17264,1.17262,1.17273,1.1727,-1
20170817  21:03:00,1.17273,1.1727,1.17273,1.1727,1.17254,1.17249,1.17264,1.17262,-1
20170817  21:04:00,1.17264,1.17262,1.17271,1.17269,1.17261,1.17259,1.17271,1.17269,-1
20170817  21:05:00,1.17271,1.17269,1.17289,1.17285,1.17267,1.17266,1.17289,1.17285,-1
20170817  21:06:00,1.17289,1.17285,1.17299,1.17296,1.17287,1.17284,1.17299,1.17296,-1
20170817  21:07:00,1.17299,1.17296,1.17302,1.17299,1.17298,1.17295,1.17302,1.17299,-1
20170817  21:08:00,1.17302,1.17299,1.17302,1.17299,1.17277,1.17274,1.17277,1.17274,-1
20170817  21:09:00,1.17277,1.17274,1.17283,1.17279,1.17277,1.17274,1.17282,1.17279,-1
20170817  21:10:00,1.17282,1.17279,1.17282,1.17279,1.17272,1.1727,1.17274,1.17273,-1
20170817  21:11:00,1.17274,1.17273,1.17277,1.17274,1.17252,1.17248,1.17254,1.17251,-1
20170817  21:12:00,1.17254,1.17251,1.17258,1.17257,1.17239,1.17235,1.17241,1.17239,-1
20170817  21:13:00,1.17241,1.17239,1.17256,1.17253,1.17241,1.17239,1.17252,1.1725,-1
20170817  21:14:00,1.17252,1.1725,1.17257,1.17253,1.17238,1.17235,1.17254,1.17249,-1
20170817  21:15:00,1.17254,1.17249,1.17272,1.1727,1.17248,1.17244,1.17268,1.17265,-1
20170817  21:16:00,1.17268,1.17265,1.1728,1.17276,1.17265,1.17262,1.17276,1.17273,-1
20170817  21:17:00,1.17276,1.17273,1.17277,1.17274,1.17261,1.17259,1.17268,1.17265,-1
20170817  21:18:00,1.17268,1.17265,1.17268,1.17266,1.17254,1.17251,1.17254,1.17251,-1
20170817  21:19:00,1.17254,1.17251,1.17254,1.17251,1.17251,1.17249,1.17251,1.1725,-1
20170817  21:20:00,1.17251,1.1725,1.17254,1.17251,1.17246,1.17244,1.17254,1.1725,-1
20170817  21:21:00,1.17254,1.1725,1.17254,1.1725,1.17248,1.17244,1.17248,1.17244,-1
20170817  21:22:00,1.17248,1.17244,1.17249,1.17247,1.17239,1.17237,1.17243,1.1724,-1
20170817  21:23:00,1.17243,1.1724,1.17259,1.17257,1.17243,1.1724,1.17246,1.17244,-1
20170817  21:24:00,1.17246,1.17244,1.17257,1.17255,1.17246,1.17244,1.17254,1.17251,-1
20170817  21:25:00,1.17254,1.17251,1.17268,1.17267,1.17254,1.17251,1.17268,1.17267,-1
20170817  21:26:00,1.17268,1.17267,1.1729,1.17286,1.17268,1.17267,1.1729,1.17286,-1
20170817  21:27:00,1.1729,1.17286,1.17295,1.17292,1.17282,1.17279,1.17284,1.17281,-1
20170817  21:28:00,1.17284,1.17281,1.17303,1.173,1.17284,1.17281,1.17303,1.173,-1
20170817  21:29:00,1.17303,1.173,1.17303,1.173,1.17298,1.17295,1.17298,1.17296,-1
20170817  21:30:00,1.17298,1.17296,1.17298,1.17296,1.17278,1.17275,1.17284,1.17282,-1
20170817  21:31:00,1.17284,1.17282,1.17293,1.17291,1.17284,1.17281,1.17293,1.17291,-1
20170817  21:32:00,1.17293,1.17291,1.17302,1.17301,1.17293,1.17291,1.17299,1.17298,-1
20170817  21:33:00,1.17299,1.17298,1.17303,1.17302,1.17298,1.17296,1.17299,1.17298,-1
20170817  21:34:00,1.17299,1.17298,1.17303,1.17301,1.17283,1.17281,1.17289,1.17288,-1
20170817  21:35:00,1.17289,1.17288,1.17293,1.17291,1.17287,1.17286,1.17287,1.17286,-1
20170817  21:36:00,1.17287,1.17286,1.17298,1.17297,1.17286,1.17285,1.17293,1.17292,-1
20170817  21:37:00,1.17293,1.17292,1.17294,1.17292,1.1728,1.17279,1.17283,1.17282,-1
20170817  21:38:00,1.17283,1.17282,1.17284,1.17282,1.17283,1.17281,1.17284,1.17281,-1
20170817  21:39:00,1.17284,1.17281,1.17287,1.17285,1.17278,1.17276,1.17278,1.17276,-1
20170817  21:40:00,1.17278,1.17276,1.17289,1.17288,1.17278,1.17276,1.17287,1.17284,-1
20170817  21:41:00,1.17287,1.17284,1.17289,1.17287,1.17283,1.17281,1.17289,1.17286,-1
20170817  21:42:00,1.17289,1.17286,1.17295,1.17294,1.17284,1.17282,1.17294,1.17292,-1
20170817  21:43:00,1.17294,1.17292,1.17299,1.17298,1.17294,1.17292,1.17299,1.17297,-1
20170817  21:44:00,1.17299,1.17297,1.17331,1.17329,1.17298,1.17296,1.17328,1.17325,-1
20170817  21:45:00,1.17328,1.17325,1.17328,1.17325,1.17299,1.17296,1.17301,1.17299,-1
20170817  21:46:00,1.17301,1.17299,1.17308,1.17305,1.17299,1.17296,1.173,1.17298,-1
20170817  21:47:00,1.173,1.17298,1.17309,1.17307,1.173,1.17297,1.17308,1.17306,-1
20170817  21:48:00,1.17308,1.17306,1.17329,1.17327,1.17308,1.17306,1.17318,1.17314,-1
20170817  21:49:00,1.17318,1.17314,1.17325,1.17322,1.17313,1.17311,1.17313,1.17311,-1
20170817  21:50:00,1.17313,1.17311,1.17326,1.17323,1.17313,1.17311,1.17318,1.17316,-1
20170817  21:51:00,1.17318,1.17316,1.17324,1.17321,1.17315,1.17313,1.17315,1.17313,-1
20170817  21:52:00,1.17315,1.17313,1.17333,1.17331,1.17314,1.17312,1.17333,1.17331,-1
20170817  21:53:00,1.17333,1.17331,1.17334,1.17331,1.17327,1.17325,1.17327,1.17325,-1
20170817  21:54:00,1.17327,1.17325,1.17333,1.1733,1.17318,1.17316,1.17318,1.17317,-1
20170817  21:55:00,1.17318,1.17317,1.17326,1.17323,1.17315,1.17313,1.17324,1.17321,-1
20170817  21:56:00,1.17324,1.17321,1.17343,1.17341,1.17321,1.1732,1.17333,1.17331,-1
20170817  21:57:00,1.17333,1.17331,1.17348,1.17346,1.17333,1.1733,1.17336,1.17334,-1
20170817  21:58:00,1.17336,1.17334,1.17353,1.17351,1.17331,1.1733,1.17343,1.1734,-1
20170817  21:59:00,1.17343,1.1734,1.17343,1.17341,1.17327,1.17325,1.17328,1.17327,-1
20170817  22:00:00,1.17328,1.17327,1.17329,1.17327,1.17313,1.17311,1.17315,1.17312,-1
20170817  22:01:00,1.17315,1.17312,1.17324,1.17322,1.17309,1.17306,1.17324,1.17321,-1
20170817  22:02:00,1.17324,1.17321,1.17324,1.17322,1.17314,1.17312,1.17314,1.17312,-1
20170817  22:03:00,1.17314,1.17312,1.17316,1.17314,1.17308,1.17306,1.17313,1.17311,-1
20170817  22:04:00,1.17313,1.17311,1.17313,1.17311,1.17309,1.17306,1.17311,1.17309,-1
20170817  22:05:00,1.17311,1.17309,1.17315,1.17312,1.17311,1.17308,1.17314,1.17312,-1
20170817  22:06:00,1.17314,1.17312,1.17314,1.17312,1.17308,1.17306,1.1731,1.17307,-1
20170817  22:07:00,1.1731,1.17307,1.17328,1.17326,1.1731,1.17307,1.17325,1.17322,-1
20170817  22:08:00,1.17325,1.17322,1.17333,1.17332,1.17324,1.17322,1.17333,1.17331,-1
20170817  22:09:00,1.17333,1.17331,1.17348,1.17347,1.17333,1.17329,1.17347,1.17345,-1
20170817  22:10:00,1.17347,1.17345,1.17366,1.17365,1.17345,1.17344,1.17353,1.17352,-1
20170817  22:11:00,1.17353,1.17352,1.17357,1.17355,1.17352,1.17349,1.17354,1.17352,-1
20170817  22:12:00,1.17354,1.17352,1.17355,1.17353,1.17353,1.17351,1.17354,1.17352,-1
20170817  22:13:00,1.17354,1.17352,1.17364,1.17362,1.17353,1.17351,1.17359,1.17357,-1
20170817  22:14:00,1.17359,1.17357,1.17362,1.1736,1.17359,1.17357,1.1736,1.17358,-1
20170817  22:15:00,1.1736,1.17358,1.17362,1.17361,1.17354,1.17351,1.17354,1.17351,-1
20170817  22:16:00,1.17354,1.17351,1.17354,1.17351,1.17347,1.17345,1.17349,1.17347,-1
20170817  22:17:00,1.17349,1.17347,1.17349,1.17348,1.17348,1.17345,1.17348,1.17346,-1
20170817  22:18:00,1.17348,1.17346,1.17348,1.17346,1.17348,1.17345,1.17348,1.17346,-1
20170817  22:19:00,1.17348,1.17346,1.17348,1.17347,1.17348,1.17346,1.17348,1.17346,-1
20170817  22:20:00,1.17348,1.17346,1.17348,1.17346,1.17339,1.17338,1.1734,1.17339,-1
20170817  22:21:00,1.1734,1.17339,1.17347,1.17346,1.17338,1.17335,1.17343,1.1734,-1
20170817  22:22:00,1.17343,1.1734,1.17344,1.17343,1.17342,1.17339,1.17342,1.1734,-1
20170817  22:23:00,1.17342,1.1734,1.17348,1.17343,1.17337,1.17336,1.1734,1.17339,-1
20170817  22:24:00,1.1734,1.17339,1.17342,1.17339,1.17339,1.17337,1.17339,1.17338,-1
20170817  22:25:00,1.17339,1.17338,1.17343,1.17341,1.17339,1.17335,1.17343,1.1734,-1
20170817  22:26:00,1.17343,1.1734,1.17343,1.1734,1.17334,1.17332,1.17337,1.17334,-1
20170817  22:27:00,1.17337,1.17334,1.17342,1.1734,1.17335,1.17332,1.17342,1.17339,-1
20170817  22:28:00,1.17342,1.17339,1.17342,1.17339,1.17331,1.1733,1.17333,1.1733,-1
20170817  22:29:00,1.17333,1.1733,1.17333,1.1733,1.17324,1.17321,1.17328,1.17325,-1
20170817  22:30:00,1.17328,1.17325,1.1733,1.17329,1.17321,1.17318,1.17328,1.17325,-1
20170817  22:31:00,1.17328,1.17325,1.17333,1.1733,1.17325,1.17323,1.17326,1.17323,-1
20170817  22:32:00,1.17326,1.17323,1.17326,1.17325,1.17321,1.17319,1.17321,1.17319,-1
20170817  22:33:00,1.17321,1.17319,1.17321,1.17319,1.17305,1.17302,1.17309,1.17307,-1
20170817  22:34:00,1.17309,1.17307,1.17309,1.17307,1.17298,1.17296,1.17299,1.17298,-1
20170817  22:35:00,1.17299,1.17298,1.17309,1.17308,1.17299,1.17297,1.17307,1.17305,-1
20170817  22:36:00,1.17307,1.17305,1.17307,1.17305,1.17301,1.17299,1.17301,1.17299,-1
20170817  22:37:00,1.17301,1.17299,1.17309,1.17308,1.17301,1.17298,1.17307,1.17305,-1
20170817  22:38:00,1.17307,1.17305,1.17311,1.1731,1.17307,1.17304,1.17311,1.17309,-1
20170817  22:39:00,1.17311,1.17309,1.17316,1.17314,1.17308,1.17305,1.17309,1.17308,-1
20170817  22:40:00,1.17309,1.17308,1.17316,1.17314,1.17307,1.17306,1.17315,1.17314,-1
20170817  22:41:00,1.17315,1.17314,1.17315,1.17314,1.1731,1.17308,1.17312,1.17311,-1
20170817  22:42:00,1.17312,1.17311,1.17327,1.17325,1.17312,1.17311,1.17317,1.17316,-1
20170817  22:43:00,1.17317,1.17316,1.17317,1.17316,1.17317,1.17314,1.17317,1.17314,-1
20170817  22:44:00,1.17317,1.17314,1.17317,1.17314,1.17307,1.17305,1.17308,1.17305,-1
20170817  22:45:00,1.17308,1.17305,1.17308,1.17306,1.17301,1.173,1.17302,1.173,-1
20170817  22:46:00,1.17302,1.173,1.17303,1.17301,1.17299,1.17295,1.17303,1.17301,-1
20170817  22:47:00,1.17303,1.17301,1.17307,1.17305,1.17301,1.17298,1.17304,1.17302,-1
20170817  22:48:00,1.17304,1.17302,1.17304,1.17302,1.17302,1.17301,1.17302,1.17301,-1
20170817  22:49:00,1.17302,1.17301,1.17303,1.17301,1.17302,1.173,1.17303,1.17301,-1
20170817  22:50:00,1.17303,1.17301,1.17305,1.17303,1.17302,1.17301,1.17303,1.17301,-1
20170817  22:51:00,1.17303,1.17301,1.17304,1.17303,1.173,1.17298,1.17303,1.173,-1
20170817  22:52:00,1.17303,1.173,1.17305,1.17304,1.17302,1.173,1.17302,1.17301,-1
20170817  22:53:00,1.17302,1.17301,1.17303,1.17301,1.17298,1.17295,1.17299,1.17297,-1
20170817  22:54:00,1.17299,1.17297,1.17302,1.173,1.17298,1.17295,1.17301,1.17298,-1
20170817  22:55:00,1.17301,1.17298,1.17302,1.17299,1.173,1.17298,1.17301,1.17299,-1
20170817  22:56:00,1.17301,1.17299,1.17302,1.173,1.173,1.17299,1.17302,1.173,-1
20170817  22:57:00,1.17302,1.173,1.17303,1.17301,1.17298,1.17296,1.17299,1.17296,-1
20170817  22:58:00,1.17299,1.17296,1.17309,1.17307,1.17296,1.17294,1.17309,1.17305,-1
20170817  22:59:00,1.17309,1.17305,1.17309,1.17307,1.17292,1.17291,1.17293,1.17291,-1
20170817  23:00:00,1.17293,1.17291,1.17309,1.17306,1.17292,1.1729,1.17309,1.17306,-1
20170817  23:01:00,1.17309,1.17306,1.1733,1.17327,1.17309,1.17306,1.17329,1.17326,-1
20170817  23:02:00,1.17329,1.17326,1.17334,1.17331,1.17322,1.1732,1.17322,1.17321,-1
20170817  23:03:00,1.17322,1.17321,1.17329,1.17328,1.17322,1.17321,1.17329,1.17328,-1
20170817  23:04:00,1.17329,1.17328,1.1733,1.17328,1.17328,1.17325,1.17328,1.17325,-1
20170817  23:05:00,1.17328,1.17325,1.17333,1.1733,1.17327,1.17325,1.17333,1.1733,-1
20170817  23:06:00,1.17333,1.1733,1.17335,1.1733,1.1733,1.17328,1.17333,1.1733,-1
20170817  23:07:00,1.17333,1.1733,1.17335,1.1733,1.17328,1.17325,1.17333,1.1733,-1
20170817  23:08:00,1.17333,1.1733,1.17335,1.1733,1.17329,1.17326,1.17333,1.1733,-1
20170817  23:09:00,1.17333,1.1733,1.17333,1.1733,1.17333,1.17329,1.17333,1.1733,-1
20170817  23:10:00,1.17333,1.1733,1.17349,1.17347,1.17333,1.1733,1.17343,1.17341,-1
20170817  23:11:00,1.17343,1.17341,1.17349,1.17346,1.17342,1.1734,1.17348,1.17345,-1
20170817  23:12:00,1.17348,1.17345,1.17348,1.17345,1.17338,1.17335,1.17339,1.17335,-1
20170817  23:13:00,1.17339,1.17335,1.1734,1.17336,1.17333,1.1733,1.17338,1.17335,-1
20170817  23:14:00,1.17338,1.17335,1.17343,1.1734,1.17329,1.17327,1.17333,1.1733,-1
20170817  23:15:00,1.17333,1.1733,1.17333,1.1733,1.17326,1.17325,1.17328,1.17325,-1
20170817  23:16:00,1.17328,1.17325,1.17328,1.17325,1.17318,1.17316,1.17318,1.17316,-1
20170817  23:17:00,1.17318,1.17316,1.17334,1.17331,1.17318,1.17316,1.17333,1.17331,-1
20170817  23:18:00,1.17333,1.17331,1.17335,1.17334,1.17333,1.1733,1.17333,1.17331,-1
20170817  23:19:00,1.17333,1.17331,1.17337,1.17335,1.17331,1.1733,1.17337,1.17334,-1
20170817  23:20:00,1.17337,1.17334,1.17338,1.17335,1.17337,1.17332,1.17337,1.17334,-1
20170817  23:21:00,1.17337,1.17334,1.1734,1.17337,1.17337,1.17334,1.1734,1.17337,-1
20170817  23:22:00,1.1734,1.17337,1.1736,1.17358,1.1734,1.17337,1.17359,1.17356,-1
20170817  23:23:00,1.17359,1.17356,1.1736,1.17358,1.17352,1.17349,1.17352,1.17349,-1
20170817  23:24:00,1.17352,1.17349,1.17353,1.17351,1.17346,1.17344,1.17353,1.17351,-1
20170817  23:25:00,1.17353,1.17351,1.17354,1.17351,1.17342,1.17338,1.17344,1.17342,-1
20170817  23:26:00,1.17344,1.17342,1.17348,1.17346,1.17342,1.17341,1.17348,1.17346,-1
20170817  23:27:00,1.17348,1.17346,1.17348,1.17346,1.17342,1.1734,1.17342,1.1734,-1
20170817  23:28:00,1.17342,1.1734,1.17348,1.17345,1.17342,1.17339,1.17343,1.1734,-1
20170817  23:29:00,1.17343,1.1734,1.17343,1.1734,1.17342,1.1734,1.17343,1.1734,-1
20170817  23:30:00,1.17343,1.1734,1.17343,1.1734,1.17331,1.1733,1.17334,1.1733,-1
20170817  23:31:00,1.17334,1.1733,1.17336,1.17332,1.17329,1.17327,1.17333,1.1733,-1
20170817  23:32:00,1.17333,1.1733,1.17333,1.17332,1.17327,1.17323,1.17333,1.17329,-1
20170817  23:33:00,1.17333,1.17329,1.17333,1.17332,1.17322,1.1732,1.17331,1.17329,-1
20170817  23:34:00,1.17331,1.17329,1.17333,1.1733,1.17321,1.17319,1.17322,1.17319,-1
20170817  23:35:00,1.17322,1.17319,1.17333,1.17332,1.1732,1.17318,1.17329,1.17327,-1
20170817  23:36:00,1.17329,1.17327,1.17329,1.17327,1.17328,1.17326,1.17328,1.17326,-1
20170817  23:37:00,1.17328,1.17326,1.17333,1.17331,1.17328,1.17326,1.17333,1.17331,-1
20170817  23:38:00,1.17333,1.17331,1.17347,1.17344,1.17333,1.17331,1.17342,1.17339,-1
20170817  23:39:00,1.17342,1.17339,1.17342,1.1734,1.17342,1.17339,1.17342,1.1734,-1
20170817  23:40:00,1.17342,1.1734,1.17342,1.1734,1.17335,1.17332,1.17337,1.17335,-1
20170817  23:41:00,1.17337,1.17335,1.17343,1.1734,1.17336,1.17334,1.17342,1.1734,-1
20170817  23:42:00,1.17342,1.1734,1.17342,1.1734,1.17336,1.17334,1.17336,1.17334,-1
20170817  23:43:00,1.17336,1.17334,1.17339,1.17338,1.17336,1.17334,1.17337,1.17335,-1
20170817  23:44:00,1.17337,1.17335,1.17337,1.17336,1.17333,1.17329,1.17333,1.17329,-1
20170817  23:45:00,1.17333,1.17329,1.17333,1.1733,1.17322,1.17319,1.17326,1.17323,-1
20170817  23:46:00,1.17326,1.17323,1.17326,1.17323,1.17318,1.17316,1.17324,1.1732,-1
20170817  23:47:00,1.17324,1.1732,1.17324,1.1732,1.17322,1.1732,1.17322,1.1732,-1
20170817  23:48:00,1.17322,1.1732,1.17328,1.17325,1.17318,1.17316,1.17327,1.17325,-1
20170817  23:49:00,1.17327,1.17325,1.17328,1.17325,1.17317,1.17314,1.17318,1.17316,-1
20170817  23:50:00,1.17318,1.17316,1.17329,1.17327,1.17318,1.17316,1.17329,1.17327,-1
20170817  23:51:00,1.17329,1.17327,1.17339,1.17336,1.17328,1.17325,1.17339,1.17336,-1
20170817  23:52:00,1.17339,1.17336,1.17339,1.17336,1.17328,1.17326,1.17329,1.17326,-1
20170817  23:53:00,1.17329,1.17326,1.17329,1.17327,1.17318,1.17317,1.17324,1.17321,-1
20170817  23:54:00,1.17324,1.17321,1.17324,1.17321,1.17313,1.17311,1.17314,1.17311,-1
20170817  23:55:00,1.17314,1.17311,1.17316,1.17313,1.17312,1.1731,1.17313,1.1731,-1
20170817  23:56:00,1.17313,1.1731,1.17313,1.17311,1.17311,1.17308,1.17312,1.17309,-1
20170817  23:57:00,1.17312,1.17309,1.17316,1.17313,1.17309,1.17308,1.17313,1.1731,-1
20170817  23:58:00,1.17313,1.1731,1.17313,1.1731,1.17302,1.17299,1.17307,1.17305,-1
20170817  23:59:00,1.17307,1.17305,1.17309,1.17308,1.17307,1.17304,1.17307,1.17306,-1
